,datum,redeID,vorname,nachname,fraktion,name,inhalt_neu
0,,,,,, ,
1,01.02.2019,ID197800100,Anja,Karliczek,CDU/CSU,Anja Karliczek,"sehr geehrter herr bundestagspräsident! liebe kolleginnen und kollegen! meine sehr geehrten damen und herren! jeder zweite von uns erkrankt im laufe seines lebens an krebs. krebs ist die zweithäufigste todesursache. wenn man fragt: vor welcher krankheit fürchten sie sich am meisten? , dann antwortet die mehrheit in deutschland: krebs. deswegen haben wir in dieser woche die nationale dekade gegen krebs gestartet. zehn jahre lang mobilisieren wir alle kräfte. wir wollen krebs besser verstehen, wir wollen krebs verhindern, wir wollen krebs heilen. die nationale dekade gegen krebs ist ein zentrales thema der hightech-strategie. an ihr möchte ich heute zeigen, wie wir mit der hightech-strategie probleme lösen und was wir meinen, wenn wir sagen: die menschen stehen im mittelpunkt unserer innovationspolitik. drei beispiele dafür: erstens ein transferthema. neue therapien müssen schneller raus aus dem labor, ran ans krankenbett kommen. je näher forschung und patienten beieinander sind, desto schneller gelingt uns das, so wie im nationalen centrum für tumorerkrankungen in heidelberg und in dresden. im rahmen der nationalen dekade gegen krebs bauen wir weitere solcher standorte auf. die ängste und sorgen der patienten sind wichtig. nicht nur in der therapie, auch in der forschung werden sie in zukunft eine wichtige rolle spielen. jeder krankheitsverlauf ist individuell. persönlich zugeschnittene therapien helfen individuell. das ist eine chance, wie wir sie noch nie hatten, und diese chance wollen wir nutzen. mit der nationalen dekade gegen krebs fördern wir erstmals studien, die solche fortschritte möglich machen. forschung durch vergleich: welche ansätze in der früherkennung, welche therapien haben sich bewährt? welche unterschiede gibt es in den kliniken? welche erfahrungen haben die patienten gemacht? so können sich am ende die besten therapien für die menschen in unserem land durchsetzen. patienten eine stimme zu geben, auch in der forschung, das ist mir ein wichtiges anliegen. mit den menschen gemeinsam neues entwickeln, darum geht es, egal ob beim kampf gegen den krebs, ob bei der künstlichen intelligenz oder wenn es um die zukunft der arbeit geht. wir nutzen die neuen hightechmöglichkeiten; das ist mein zweiter punkt. gerade in der krebsforschung werden durch die datenvernetzung und die künstliche intelligenz große fortschritte gemacht. wir vernetzen die zentren der krebsforschung und die krankenhäuser besser untereinander, damit sie daten austauschen und erkenntnisse gemeinsam nutzen können. künstliche intelligenz kann muster in krankheitsverläufen erkennen und daraus schließen, welche therapien erfolg versprechen, individuell und persönlich. individuell und persönlich, gerade auch in der medizin, das ermöglicht uns künstliche intelligenz. dazu brauchen wir viele patientendaten. je mehr daten wir haben, umso besser. gleichzeitig ist uns aber natürlich auch die privatsphäre der kranken menschen wichtig. diesen spagat gilt es zu leisten, nicht nur, wenn es um patientendaten geht. künstliche intelligenz steckt überall, und damit bin ich beim dritten beispiel. unsere autoindustrie forscht intensiv an selbstfahrenden autos, damit wir wirtschaftlich erfolgreich bleiben. der wohlstand in deutschland hängt stark vom erfolg der automobilindustrie ab. wir wollen die autonation deutschland bleiben. das auto der zukunft fährt autonom und mit regenerativer energie. eine möglichkeit ist dabei die elektromobilität, und dafür brauchen wir batterien. die können wir heute nur in asien kaufen. die autonation deutschland darf nicht abhängig sein von asien. eine eigene batterieproduktion ist eine frage wirtschaftlicher unabhängigkeit und gleichzeitig der sicherung von wertschöpfung in deutschland. denn die batterie wird ein wesentlicher teil der wertschöpfung im auto der zukunft sein. in der letzten woche haben wir deswegen den startschuss für eine batterieforschungsfabrik gegeben. wir nehmen millionen euro in die hand, um batterieforschung in deutschland voranzutreiben und eigene wertschöpfung möglich zu machen. die batterietechnologie ist die schlüsseltechnologie, nicht nur für mobilität, sondern auch für viele industrielle anwendungen und natürlich für die energiewende. damit ist die aufgabe definiert: die technologische souveränität deutschlands in der batterietechnologie zu sichern. sie wird wesentlich dazu beitragen, dass wir mobilität, industrie und klimaschutz miteinander in einklang bringen. das ist eine der großen herausforderungen, vor denen wir stehen. klimaschutz und wirtschaftliche entwicklung in einklang zu bringen, ist eine der kernherausforderungen in den nächsten jahren. batterieforschung, künstliche intelligenz, nationale dekade gegen den krebs: das sind drei beispiele für das, was die hightech-strategie ausmacht, wie wir herausforderungen angehen, wie wir uns für die zukunft aufstellen. wir setzen auf die verantwortung der menschen in unserem land. wir setzen auf unsere fähigkeiten, gemeinsam neues zu schaffen, und wir setzen auf unsere kraft, mit innovation unsere zukunft gut zu gestalten. herzlichen dank. dr. götz frömming, afd, ist der nächste redner."
2,01.02.2019,ID197800200,Götz,Frömming,AfD,Götz Frömming,"sehr geehrter herr präsident! sehr geehrte damen und herren! sehr geehrte frau ministerin! wir alle wissen: deutschland ist heute noch die treibende wachstumskraft im europäischen wirtschafts-, wissenschafts- und forschungsraum. unser land ist wirtschaftlich breit aufgestellt und erwirtschaftet rund ein drittel des europäischen bruttoinlandsprodukts. wir sollten eigentlich zu beginn jeder sitzung den deutschen unternehmern und arbeitern danken; denn ohne ihren täglichen einsatz gäbe es das geld gar nicht, das wir hier umverteilen können, wollen und müssen. allerdings ziehen am horizont schon die ersten dunklen wolken auf. ein wichtiger indikator für die regenerationskraft einer volkswirtschaft ist die sogenannte gründungsrate, also die zahl der unternehmensneugründungen in relation zum bestand. da stehen wir mit rund prozent ziemlich schlecht da. die gründungsrate in großbritannien zum beispiel ist doppelt so hoch. betrachtet man nur die forschungs- und entwicklungsintensive industrie, stellt man fest: da sieht es noch finsterer aus. da belegt deutschland laut efi-gutachten, das wir heute auch debattieren, mit einer gründungsrate von unter prozent den letzten platz von allen acht im bericht berücksichtigten ländern. ähnlich sieht es bei den transnationalen patentanmeldungen aus, einem wichtigen zukunftsindikator für uns als exportnation. seit mitte der -jahre stagnieren die anmeldungen aus deutschland, während länder wie china, japan und korea hohe wachstumsraten erzielen. die chinesen sind inzwischen an uns vorbeigezogen. meine damen und herren, so eine hightech-strategie ist eine feine sache, wenn sie denn funktioniert, wenn sie die richtigen impulse setzt, wenn sie sich nicht durch innere widersprüche, sondern durch eine kohärente, konsistente planung auszeichnet. das kann ich leider bei ihrem entwurf so nicht erkennen. was sie vorgelegt haben, ist kein schlüssiges programm zur förderung von hochtechnologie, sondern eine anhäufung von wohlklingenden phrasen und absichtserklärungen. sie wollen forschung und entwicklung fördern, aber eben auch nur eine ganz bestimmte. denn gleichzeitig verfolgen sie mit dieser strategie ideologiegetriebene gesellschafts- und umweltpolitische ziele, die sich mit dem stichwort der großen transformation , also einer alle bereiche erfassenden umgestaltung unseres landes, am besten beschreiben lassen einem begriff, den sie, meine damen und herren, inzwischen ja vermeiden, weil sie gemerkt haben, dass er den menschen angst macht, und zwar zu recht. aber die sache selbst ist eben leider noch nicht weg. manche leute denken, die bundesregierung sei vielleicht verrückt geworden, wenn sie sich anschauen, wie sie in der ganzen grenzwert- und dieseldebatte agieren oder vielmehr nicht agieren. jetzt hat herr scheuer ja mal wieder brüssel angerufen, um den grenzwert überprüfen zu lassen. aber warum entscheiden sie denn nicht einfach einmal etwas selbst, anstatt immer die verantwortung nach brüssel zu delegieren? meine damen und herren, es entsteht der eindruck, dass sie, getrieben von den grünen, aus deutschland einen öko-musterstaat machen wollen, zentral gesteuert und gelenkt. deshalb ist ihnen auch der föderalismus ein dorn im auge. denn zur großen transformation gehört natürlich auch die umgestaltung des bildungswesens nach einheitlichen vorgaben gerade haben wir im vermittlungsausschuss darüber debattiert , damit sie unsere kinder mit projekten wie bildung für nachhaltige entwicklung noch effizienter umerziehen können. die afd-fraktion wird sich dieser schleichenden deindustrialisierung und jeder art von roter oder grüner planwirtschaft entschieden entgegenstemmen! insbesondere ist die cdu aufgefordert, in dieser frage nicht noch weiter auf die grünen zuzugehen, als es unserem lande guttut. meine damen und herren, lassen sie mich schließen mit ein paar zeilen aus brechts ballade von der unzulänglichkeit menschlichen planens: ja, mach nur einen plan! sei nur ein großes licht! und mach dann noch’nen zweiten plan gehn tun sie beide nicht. vielen dank. jetzt erteile ich das wort dr. karl lauterbach, spd."
3,01.02.2019,ID197800300,Karl,Lauterbach,SPD,Karl Lauterbach,"herr präsident! meine sehr verehrten damen und herren! zunächst einmal will ich an das anknüpfen, was die ministerin vorgetragen hat. am beispiel der krebserkrankungen will ich die nationale dekade gegen krebs erläutern, also darstellen, was die problemlage ist, wie wir ihr mit der nationalen dekade begegnen können, was das für uns alle bedeutet, wo wir zusammenarbeiten müssen, wie groß die herausforderungen sind und wie wir das alles machen können. das thema krebsentstehung haben wir zum unterthema bei gesellschaftlichen herausforderungen gemacht. wieso ist krebs eine gesellschaftliche herausforderung? das ist der fall ich will hier niemandem die laune verderben , weil statistisch gesprochen jeder zweite, der hier sitzt, einmal in seinem leben betroffen sein wird. jeder zweite! wir wissen, dass wir bei herz-kreislauf-erkrankungen prozent der fälle unter optimaler vorbeugung verhindern könnten. bei krebs sind das leider nur prozent der fälle. das heißt, prozent der fälle könnten wir nach jetzigem wissen auch dann nicht vermeiden, wenn wir alles umsetzen würden, was wir wissen. wieso ist das so? krebs ist extrem schwierig. krebs entsteht aus einer einzigen zelle. später sind es dann ganz viele krebszellen, die dazu noch unterschiedlich sind. auf dem weg dorthin gibt es unterschiedliche schritte, die der tumor gehen muss: erst gibt es eine veränderung, eine mutation. dann werden sozusagen gute gene abgeschaltet, die einem helfen könnten. die gene, die, sagen wir, kaputt sind, werden nicht richtig entfernt, und das immunsystem wird so manipuliert, dass es diesen prozess im eigenen körper nicht erkennt. ganz zum schluss wird auch noch wachstumshormon produziert, damit der tumor so schnell wie möglich wächst. das ganze ist also super kompliziert. wenn ich dem mit der nationalen dekade begegnen will, muss ich genau wissen, worauf ich hinauswill und wo wir unsere probleme haben. ich fange einmal an. wir müssen die grundlagenforschung stärken. bei krebs wird viel zu wenig grundlagenforschung betrieben. erinnern sie sich? wir haben hier darüber gesprochen: jim allison hat in berkeley den gedanken gehabt, mit einer immuntherapie krebs sozusagen im körper zu behandeln. wir gehen jetzt sogar so weit, dass wir im körper mit den eigenen immunzellen sozusagen die medikamente gegen den krebs produzieren können. somit wird, wenn sie so wollen, mein eigener körper die pharmafabrik. das war also ein genialer gedanke. dieser wäre tatsächlich in deutschland in dieser art und weise nicht zu erfinden gewesen, weil die massive unterstützung der grundlagenforschung an den universitäten in deutschland in dem volumen, das nötig ist, zum jetzigen zeitpunkt konzertiert nicht geleistet wird. da haben wir ein defizit. wir haben ein zweites großes defizit: die außeruniversitären und die universitären einrichtungen sind nicht ausreichend an die industrie angebunden. wenn man den nächsten schritt hin zum medikament gehen will, braucht man riesige summen, braucht man vertrauen, braucht man eine langfristige sicht. daher brauchen wir eine solche anbindung. wir erfinden in der grundlagenforschung so einiges das will ich auch nicht eingeschränkt wissen; das darf nicht eingeschränkt werden , aber das kommt ganz selten beim produkt an. dafür haben wir weder strukturen noch vertrauen noch, wenn man so will, eine zentrale vermittlung. das gehört aber zu einer solchen dekade. hinzu kommt: wir haben sehr viele daten in der medizin, die aber oft nicht nutzbar sind, weil sie nicht im gleichen format gesammelt werden. bei genen, die bei krebs eine rolle spielen, kommt es genau darauf an, wie ich die gene kartiere: am protein, am genort, an der messenger-rna. es gibt unterschiedliche möglichkeiten, das gleiche zu meinen, aber anders zu kartieren. wenn ich das nicht in gleicher weise kartiere, kann ich es nicht auswerten. dafür brauchen wir nationale vorgaben. ich sage somit: in diesem bereich ist sehr viel im praktischen zu tun. man muss sich gut auskennen. aber wenn wir das nicht tun, dann kommen wir gegen länder wie amerika, wo es ein nationales krebsinstitut gibt, was diese aufgabe übernimmt, oder england mit seinem nhs und wenigen spitzenuniversitäten oder frankreich, wo es eine zentrale planung gibt, nicht an. daher brauchen wir dringend diese strategie. wir haben alle voraussetzungen, wir haben alles, was sie braucht: wir haben die köpfe, wir haben das geld, und wir haben die möglichkeiten. das muss zusammengebracht werden dafür die nationale dekade gegen krebs als beispiel für unsere hightech-strategie. danke sehr. nächster redner ist der kollege thomas sattelberger, fdp."
4,01.02.2019,ID197800400,Thomas,Sattelberger,FDP,Thomas Sattelberger,"herr präsident! meine damen und herren! liebe frau karliczek, schade, dass sie gestern abend ausgefallen sind bei meiner rede zur deutschen transfergemeinschaft für die ländlichen regionen. das sind die regionen mit den milchkannen, die sie vor lauter nicht sehen. stattdessen müssen sie heute ganz tapfer und mutig das verteidigen, was das handelsblatt so skizziert: alle ressorts haben darin aufgeschrieben, was sie ohnehin … machen wollen. im kanzleramt heftet das jemand zusammen … und stempelt hightech-strategie drauf. in meinen worten: sie werfen ihre strategischen worthülsen wie tote katzen über den zaun und hoffen, dass die sich irgendwie von selber berappeln. auf die hightech-strategie der bundesregierung passt die berühmte frage: was ist eigentlich das strategische an dieser strategie? die expertenkommission forschung und innovation mahnt seit jahren, dass der hightech-strategie konkrete meilensteine fehlen, eine klare zielhierarchie. stärken-schwächen-analyse? ehrliche positionierung, wo deutschland im internationalen wettbewerb steht? fehlanzeige. der schweizer innovationsbericht analysiert diese themen auf seiten. die bundesregierung schreibt wenige dürre sätze. frau karliczek, im beirat eines mittelständlers hätte man sie mit einer solchen strategie kurz und bündig verabschiedet. vorher hätte man ihnen aber einige fragen gestellt: warum steht trotz der begonnen exzellenzstrategie die erste deutsche universität erst auf platz im innovationsranking, gefolgt von universitäten auf den plätzen und ? warum verschweigen sie bei patenten, dass deutschland zwar bei der schieren anzahl auf platz ist, bei forschungsintensiven patenten aber auf platz und bei spitzentechnologie nur auf platz ? und warum verlieren sie kein wort darüber, wie sie die expertenlücke schließen wollen in mathematik, informatik, naturwissenschaften, technik? data-sciences-experten, ki-architekten, tech-spezialisten, meister, techniker uns fehlen mehrere hunderttausend. warum, liebe frau karliczek, ignoriert die strategie das wachsende klumpenrisiko dieses landes? schön ist, dass die autoindustrie wächst und gedeiht. prozent des gesamten umsatzzuwachses der größten deutschen unternehmen in der letzten dekade entfallen auf die automobilindustrie. doch dieses land hat x automobilhersteller und nur eine sap. gleichzeitig fließt die ikt-förderung überwiegend an die etablierten großen unternehmen und forschungseinrichtungen. digitale unternehmer und gründer gehen fast immer leer aus und haben dann noch fraunhofer als wettbewerber. die satten bekommen die förderkohle. diejenigen, die wachsen wollen, die erfolgshungrigen, lässt diese bundesregierung alt aussehen. der staat ist kein guter unternehmer. aber er könnte innovationsgeist entfachen. fördern wir die richtigen, diejenigen, die sich reinhängen, die frische ideen haben, die für künftiges wachstum sorgen, nicht immer die fette katze deutschland ag! hören wir auf, immer alles das bewahren zu wollen, was in der vergangenheit einmal getaugt hat. fangen wir an, die zukunft anzupacken! sinnieren wir nicht über verbote! erlauben wir mehr! was das kabinett angeht: ich bin hin- und hergerissen, wenn es um die frage geht, ob sie statt auf die ministerbank zurück auf die schulbank gehören, um zu lernen, was strategie ist und strategieumsetzung. machen sie endlich ihre hausaufgaben! gründen sie die agentur für sprunginnovationen! diese ist bis heute ein pappkamerad. beschleunigen sie die steuerliche forschungsförderung! bauen sie innovationsbrücken in die regionen! schließen sie die mint-expertenlücke! reformieren sie ihre bürokratischen förderstrukturen! machen sie sie schlank und unbürokratisch! es tut mir leid auch für die veganer , dass ich das so oft sagen muss: ran an den speck, frau karliczek! dr. petra sitte, die linke, ist die nächste rednerin."
5,01.02.2019,ID197800500,Petra,Sitte,DIE LINKE,Petra Sitte,"guten morgen, herr präsident! meine damen und herren! herr sattelberger, ich glaube, dass sie ein gestörtes verhältnis zu katzen haben. wenn ich hier zu diesem tagesordnungspunkt nur die überschriften der vorlagen, über die geredet werden soll, vortragen würde, dann würde das bedeuten, dass ich meine redezeit von sechs minuten nahezu ausschöpfe. ich erwähne das, weil forschungs-, innovations- und technologiepolitik wie auch die hightech-strategie selbst so facettenreich und vor allem so entscheidend für die entwicklung von gesellschaft, umwelt und wirtschaft sind. ich komme mir bei der debatte über die vorlagen wie in einem durchlauferhitzer vor. wir können uns des themas gar nicht in der tiefe annehmen, sondern nur den versuch unternehmen, unsere grundsatzfragen mehr oder weniger anzureißen. das werde ich tun. erst in den vergangenen tagen sind in ganz europa zehntausende schülerinnen und schüler für klimaschutz auf die straße gegangen. was hat die -jährige klimaaktivistin greta thunberg den sogenannten topmanagern und spitzenpolitikern in davos gesagt? ich zitiere: erwachsene sagen immer wieder: wir sind es den jungen leuten schuldig, ihnen hoffnung zu geben. aber ich will eure hoffnung nicht. ich will, dass ihr in panik geratet, dass ihr die angst spürt, die ich jeden tag spüre. was ist die botschaft dahinter für uns? wenn wir so weitermachen, zerstören wir unsere eigenen lebensgrundlagen, und zwar weltweit. also können die lösungen, über die wir hier reden, nicht isoliert, nicht national gedacht werden. vielmehr bedarf es einer neuen kultur. es muss kollaborativ, multilateral und kooperativ statt rein konkurrierend gedacht werden. genau solche ansätze sucht man in den hightech-strategien und den einzelnen programmlinien der bundesregierung nahezu vergebens. manche hier glauben allerdings noch immer, dass die meisten probleme technologiegetrieben gelöst werden könnten. mitnichten ist das so! mit technologieentwicklungen und digitalisierung stehen nicht nur wirtschaften und millionen beschäftigte vor immensen strukturbrüchen. gesellschaften verändern sich grundlegend. das bedeutet aber auch ressourcenverschiebungen und machtverschiebungen. das bedeutet, dass sich vorhandene soziale ungerechtigkeiten und ökologische zerstörung vertiefen können. wir erleben das gerade. es ist geschehen. technische euphorie oder der spruch der fdp digital first. bedenken second. sind vor diesem hintergrund längst oldschool. diese vision ist für gesellschaften nicht zukunftsfähig, weil sie eindimensional technik- und wachstumsorientiert ist. positive transformative effekte aus technologieentwicklungen wie eine gerechtere soziale und gesellschaftliche teilhabe, ausbau demokratischer strukturen und kulturelle emanzipation erfordern neue innovationen, erfordern eben so wird das umschrieben soziale innovationen. transformationsforschung und forschung zu sozialen innovationen müssen also inhaltlich und finanziell gestärkt werden. sie müssen aber auch in alle forschungsbereiche und alle strategien integriert werden. in der hightech-strategie der bundesregierung finden sich nur in wenigen förderlinien beispielsweise forschungen zu sozialen und gesundheitsbezogenen dienstleistungen, forschungen an szenarien zur stärkung der sozialsysteme oder forschungen zu familien‑, arbeits- oder lebensmodellen in ländlichen wie in städtischen räumen. es fehlt auch herr sattelberger hat das schon angesprochen management- und organisationsforschung sowohl für unternehmen und staatliche institutionen als auch für soziale organisationen. schließlich sei erwähnt um einmal das zu konterkarieren, was sie gerade gesagt haben , dass im aktuellen haushalt die mittel für nachhaltigkeits- und transformationsforschung sogar gekürzt wurden. das ist eine grandiose fehlentscheidung. fazit aus sicht der linken: was wir mit öffentlichen geldern finanzieren, dient viel zu wenig uns selbst, dient viel zu wenig der gesellschaft. das ist eine wesentliche fehlstelle der hightech- und innovationspolitik der bundesregierung, und das muss sich dringend ändern. auch wenn weitere strategiepapiere zum beispiel zur zivilen sicherheit, zur quantentechnologie oder auch zur künstlichen intelligenz durchaus interessante themenfelder anreißen, habe ich das gefühl, dass sie eher aus dem wirtschaftsministerium als aus dem forschungsministerium kommen. manchmal frage ich mich schon hier kann ich an den antrag der grünen im positiven sinne anknüpfen , weshalb eine bundesregierung genau so entscheidet. weshalb schlagen sich gesellschaftliche debatten, wissenschaftliche erkenntnisse der zukunftsforschung oder erfahrungen aus anderen ländern so wenig in der ausrichtung der hightech-strategie der bundesregierung nieder? ich gehe davon aus, dass sie sich nicht etwa zu wenig beratung suchen das ist sicherlich nicht der punkt , sondern dass sie sich zu einseitig beratung suchen. das wissen von interessenorganisationen der zivilgesellschaft wie ngos, gewerkschaften, umweltverbänden, bürgerrechtsorganisationen oder sozialverbänden wäre in programmbeiräten der bundesregierung zur forschungsförderung genau richtig platziert. für die ausrichtung der forschungsförderung wird symbiotisches denken, wird auch ein dialogisches denken mit der gesellschaft verlangt, wird open innovation gebraucht. versuchen sie es doch mal mit dieser kooperationskultur! dann wären sogar sie, wäre das ministerium, wäre die bundesregierung sozial innovativ. danke. nächste rednerin ist dr. anna christmann, bündnis /die grünen."
6,01.02.2019,ID197800600,Anna,Christmann,BÜNDNIS 90/DIE GRÜNEN,Anna Christmann,"sehr geehrter herr präsident! liebe kolleginnen und kollegen! die wissenschaft wird in diesen tagen stark strapaziert, nicht nur durch vergleiche mit fetten katzen, die ich für äußerst unangemessen halte nicht meine erfindung , sondern auch durch diese bundesregierung. sie haben sich auf die autonation bezogen, frau karliczek. ich frage mich, wie sie eigentlich dazu stehen, dass ihre bundesregierung aufgrund eines briefs von letztlich hundert privatpersonen eben einmal einen gesamten forschungsstand beiseitewischt und damit ihr nichtstun in den bereichen gesundheitsschutz und saubere luft rechtfertigt. das halte ich für äußerst kritisch im hinblick auf die haltung der bundesregierung betreffend den wissenschaftsstandort bundesrepublik. ich frage mich auch, wie ihre haltung als wissenschaftsministerin dazu ist. ich hoffe, sie ist eine andere als die anderer kabinettsmitglieder; denn einen solchen brief als neue erkenntnis in diesem bereich zu sehen, hielte ich für eine wissenschaftsministerin wirklich nicht für angemessen. es ist ein problem, wenn die bundesregierung den forschungsstand in vielen feldern selbst nicht anerkennt. damit leisten sie letztlich einer wissenschaftsskepsis vorschub, die für unsere gesellschaft gefährlich ist. ich wünsche mir von ihnen, frau ministerin, glasklare ziele zur stärkung von forschung und innovation, die deutlich machen, dass wir eben wissenschaftliche erkenntnisse benötigen, um herausforderungen zu meistern. aber von diesem klaren bekenntnis zu forschung und innovation konnte ich bei dieser regierung und auch bei ihnen als ministerin bisher leider noch nicht viel erkennen. da erwarte ich deutlich mehr von einer forschungsministerin. sie lassen uns auch ein stück weit ratlos zurück; denn sie haben sich ja noch beim forschungsgipfel im april zum , -prozent-ziel für forschung und entwicklung bekannt und gesagt, dass sie dazu die nötigen maßnahmen ergreifen werden. dann lesen wir aber interviews, in denen sie sagen ich zitiere : mir geht es nicht darum, jedes jahr mehr geld ausgegeben zu können. da frage ich mich doch: was gilt denn nun? wollen sie dieses land, wollen sie europa fit machen für die zukunft? oder wollen sie den wandel hin zu einer sauberen, klimaverträglichen nation verschlafen? wenn man sich anguckt, was sie zur erreichung dieser ziele konkret tun, stellt man fest, dass sie die mittel für den wissenschaftsbereich gerade mal um millionen euro pro jahr erhöhen. das ist im hinblick auf dieses ziel viel zu wenig. das lässt leider nur den schluss zu: sie wollen das , -prozent-ziel eigentlich überhaupt nicht erreichen. kämpfen für die wissenschaft sieht anders aus. stattdessen verwalten sie, was es schon gibt. die hightech-strategie gibt es seit . da sind keine neuen ideen zu erkennen. wir haben zum beispiel experimentierräume für mobilitätsforschung vorgeschlagen, wo es darum geht, den transfer von den guten ideen, die wir haben, im großen stil in die praxis zu bringen. die städte und regionen könnten von der mobilität der zukunft längst viel stärker profitieren, wenn wir auch im innovationsbereich einen größeren schritt machen würden. bei ihnen ist da leider fehlanzeige. nicht zuletzt würde ich auch im bereich der europäischen kooperation deutlich mehr erwarten. meseberger erklärung, aachener vertrag die bekenntnisse liegen auf dem tisch. die konkrete kooperation, zum beispiel im bereich ki, lässt aber sehr lange auf sich warten. ich würde mir wünschen, dass das deutlich schneller geht. aber dafür bräuchten wir wohl eine wissenschaftsministerin, die für die sache brennt für forschung, für europa und für unsere zukunft. ich fürchte, darauf müssen wir noch eine weile warten. albert rupprecht, cdu/csu, ist der nächste redner."
7,01.02.2019,ID197800700,Albert,Rupprecht,CDU/CSU,Albert Rupprecht,"herr präsident! liebe kolleginnen! liebe kollegen! die deutsche wirtschaft ist seit jahren ausgesprochen stark; sie brummt. der arbeitsmarkt hat ein historisch herausragendes positives niveau. wir haben das erreicht, was kanzlerin merkel immer wieder gesagt hat: wir wollen aus den krisen der vergangenen jahre gestärkt hervorgehen. das ist realität. trotzdem gibt es stoff zum nachdenken. ich glaube, wir brauchen nicht drum herumzureden das war gestern abend thema der debatte und ist es auch heute : bei einer schlüsselfrage, beim thema transfer, haben wir in der tat nachholbedarf. wenn wir uns die größten, die wertvollsten unternehmen im bereich der zukunftstechnologien auf dieser welt anschauen, stellen wir fest, dass die vorderen fünf unternehmen relativ junge us-unternehmen sind. sie dominieren die weltmärkte in diesem bereich. deutschland liegt hier mit sap auf platz . wenn wir uns die kmu in deutschland anschauen, die an prozessinnovation und produktinnovation beteiligt sind, stellen wir leider gottes fest, dass ihr anteil von prozent im jahr auf prozent im jahr gefallen ist. das ist in der tat stoff zum nachdenken. das kann uns nicht zufriedenstellen. wir haben im bundeshaushalt, frau ministerin, im bereich der forschung und wissenschaft in den letzten jahren gas gegeben sondergleichen und den haushalt mehr als verdoppelt. wir haben ein rekordniveau bei den forschern und wissenschaftlern in diesem land; frauen und männer arbeiten im bereich der wissenschaft und forschung, haben etwas anzubieten. auf der anderen seite aber müssen wir feststellen, dass die innovationskraft in der wirtschaft zurückgeht. diese innovationslücke, liebe kolleginnen und kollegen, müssen wir in der tat sehr ernst nehmen. wenn wir wohlstand und soziale sicherheit auch in einer älter werdenden gesellschaft aufrechterhalten wollen, dann geht das eben nur, indem wir die produktivität steigern, und produktivitätssteigerung schaffen wir nur, indem wir auf innovationen setzen. deswegen ist die verbesserung des transfers eine der zentralen schlüsselaufgaben dieser legislatur. wir waren in den koalitionsverhandlungen der ansicht, dass das ministerium für forschung und bildung eine dritte säule bekommen sollte; diese dritte säule sollte den transfer beinhalten. die lebensabschnittspartner von der spd waren davon nicht begeistert. deswegen ist daraus nichts geworden. das ändert aber nichts daran, dass das in der sache absolut notwendig und begründet ist. liebe kolleginnen, liebe kollegen, wir haben uns nichtsdestotrotz im koalitionsvertrag an vielen stellen zum transfer positioniert, mit vielen kleinen passagen und projekten, aber auch mit historisch großen paketen. ich nenne ein paar wenige: zentral ist sicherlich die hightech-strategie. die ist nicht ohne. allein im jahr haben wir im bundeshaushalt milliarden euro für forschung und transfer ausgegeben. in der weiterentwicklung dieser hightech-strategie ist der aspekt des transfers neu herausgearbeitet worden und hat eine neue bedeutung und qualität bekommen. zweites thema: die agentur zur förderung von sprunginnovationen, ein vollkommen neuer ansatz, um hochinnovative ideen umzusetzen und zur anwendung zu bringen. das ist etwas, was unserer haushaltsgesetzgebung eigentlich widerspricht. da werden wir risiken eingehen und eingehen müssen. ich bitte dieses parlament, nicht nur zu kritisieren, wenn da mal was schief läuft, sondern sich zu beteiligen und das mitzutragen. wenn man risiken eingeht, kann es hin und wieder eben vorkommen, dass was danebengeht. doch, es tut sich sehr wohl etwas. dritter punkt: die ki-strategie der bundesregierung. ich finde, dass diese strategie herausragend ist. wenn wir wissen, dass wir in deutschland exzellenzen in der wissenschaft haben, dass das größte forschungsinstitut auf dieser welt seit jahren im saarland ansässig ist, würden wir uns natürlich wünschen, dass wir in deutschland auch in der anwendung weiter wären. aber es ist, wie es ist. wir haben assets, in der wissenschaft und bei vielen unternehmen. was die bundesregierung jetzt macht, nämlich dies mit anspruchsvollen maßnahmen zu einer strategie über alle bereiche hinweg zu verknüpfen, ist ein historisches projekt mit außerordentlicher kraft. davon erwarten wir uns wirklich sehr viel. viertens: die steuerliche forschungsförderung. dieses instrument, um insbesondere die innovationskraft im mittelstand zu stärken, kostet haushalterisch viel. das weiß ich wir haben das über jahre rauf- und runterdiskutiert ; ich halte es aber für richtig. wichtig ist jedoch, dass auch die auftragsforschung bestandteil dieser förderung ist. es kann nicht sein, dass aufträge, die an das fraunhofer-institut, an hochschulen vergeben werden, nicht bezuschusst werden. das würde nämlich die versäulung stärken und wäre genau das gegenteil von dem, was wir brauchen. wir brauchen vernetzung, zusammenarbeit, die entstehung von clustern statt eine verhärtung der versäulung. fünfter punkt: die verlängerung des paktes für forschung und innovation. das ist etwas, was in der öffentlichkeit nicht so wahrgenommen wird, aber eine außerordentliche bedeutung hat. nur noch mal die zahlen: von bis geben wir milliarden euro an die außeruniversitären forschungseinrichtungen. das ist eine menge holz. im augenblick verhandeln wir die nächste paktperiode, bei der es für uns ganz klar darum geht das steht auch im koalitionsvertrag , dass es kein weiter-so geben darf. wir erwarten von den außeruniversitären forschungseinrichtungen, dass sie sich im bereich des transfers zu anspruchsvollen zielen committen, die überprüfbar sind. wir sagen nicht: wir geben das planwirtschaftlich vor. wir bitten die außeruniversitären forschungseinrichtungen, dass sie auf basis ihrer kultur und ihrer kompetenzen vorschläge machen. aber fakt ist: wir erwarten das und werden nur verträge unterschreiben, wenn der transferbereich anspruchsvoll, präzise und greifbar formuliert ist, liebe kolleginnen und kollegen. noch ein paar anmerkungen, weil immer wieder spekuliert wird, was die unionsfraktion und die ministerin dazu meinen: natürlich ist die zahl der ausgründungen nur ein indikator. wenn es heißt, dass sich transfer auf die zahl der ausgründungen reduzieren lässt, und uns das unterstellt wird, ist das natürlich blödsinn. transfer ist viel vielschichtiger und weitläufiger. natürlich ist es so, dass ein wissenschaftstransfer in den geisteswissenschaften vollkommen anders ablaufen muss als in der medizinforschung. auch aussagen, frau ministerin, wonach die union die grundlagenforschung zurückführen und die wissenschaftsfreiheit begrenzen wolle, sind vollkommener unsinn. ganz im gegenteil: grundlagenforschung ist genau das, was wir brauchen, und zwar mehr denn je, um große sprünge zu machen und innovationen zu erreichen. wenn das max-planck-institut forscht, hat das immer wieder herausragende ergebnisse für innovationssprünge zur folge. deswegen brauchen wir nicht weniger grundlagenforschung. vielmehr müssen wir die grundlagenforschung stärken. der nächste punkt: wissenschaftsfreiheit. wir waren es, die das wissenschaftsfreiheitsgesetz gegen harten widerstand erkämpft haben; denn wir sind der festen überzeugung: wissenschaft wird nicht durch budgetsteuerung kontrolliert, sondern anhand von ergebnissen. in dem, was sie machen, sind sie frei. sie müssen nur qualität liefern und das, was sie an erkenntnissen gewonnen haben, der gesellschaft zur verfügung stellen. das ist der auftrag. deswegen steuern wir nicht mehr das budget, sondern die ergebnisse. das ist unser ansatz. anders als die grünen, die ideologisch begründen, was gut und schlecht ist, sagen wir: die wissenschaft ist frei; aber es müssen qualität und ergebnisse dabei herauskommen. danke schön. martin reichardt, afd, ist der nächste redner."
8,01.02.2019,ID197800800,Martin,Reichardt,AfD,Martin Reichardt,"sehr geehrter herr präsident! sehr geehrte frau ministerin! sehr geehrte damen und herren! es ist gut, dass unsere regierung visionen, missionen und zukunftsperspektiven hat. die hightech-strategie liest sich leider zum großen teil wie eine absichtserklärung, ein wunschzettel und eine worthülsensammlung. sie wollen deutschlands zukunftskompetenz stärken und vergessen dabei, das zu bewahren, was deutschland einst groß gemacht hat. das fundament unseres erfolges waren und sind gute bildung und ausbildung, menschen, die für ziele kämpfen, in unserem land anpacken und sich für unser land einsetzen. auch ihre hightech-strategie benötigt in zukunft gute bildung, ausbildung und insbesondere fachkräfte. studien zeigen, dass die hohe korrelation zwischen innovationen und qualifikationen in den mint-fächern klar und vorhanden ist. in deutschland ist die zahl der beschäftigten im akademischen mint-bereich gestiegen, auch im akademischen facharbeiterbereich, dort allerdings deutlich geringer. dem ist aber entgegenzusetzen, dass die zahl der mint-akademiker im alter von über jahren sehr stark steigt; bereits waren es personen. es besteht also ein hoher bedarf an ersatzfachkräften und darüber hinaus ein bedarf an fachkräften, die zusätzlich gebraucht werden. wurden mint-stellen nicht besetzt. die zukunftsstrategie in dieser frage lautet: wir müssen frauen und mädchen stärker für die mint-fächer begeistern. sie lassen dabei allerdings außer acht, dass, wenn wir diese frauen und mädchen für die mint-fächer begeistern, wir sie dann als fachkräfte aus anderen bereichen abziehen. auch darüber, wie diese begeisterung erzeugt werden soll, sagen sie nichts. schon heute sagen prozent der unternehmer, die größte bedrohung für ihr unternehmen sei der fachkräftemangel. in technischen unternehmen bleiben viele stellen unbesetzt, weil es an qualifizierten bewerbern fehlt. auch wenn es den meisten hier nicht passt: das ist die folge der demografischen katastrophe, meine damen und herren. deutschland ist nämlich nicht von jener klimakatastrophe bedroht, die sie als ersatzfegefeuer für ihre klimareligion aufbauen wollen, sondern von der demografischen katastrophe, und die sollten wir hier endlich zur kenntnis nehmen. in ihrem bericht sehen sie sich in der verantwortung für kommende generationen. die kommenden generationen werden aber immer kleiner, und damit wird der fachkräftemangel, auch im innovativen bereich, eben immer größer. da muss gegengesteuert werden. qualitätsstandards in der bildung setzen sie ebenfalls nicht. ausbildungsbetriebe klagen über mangelnde ausbildungsreife bei schulabgängern; sie müssen nachschulen. auch die hochschulen klagen über den bildungsstand der studenten; auch hier haben wir nachholbedarf. das, meine damen und herren, ist die folge einer jahrelangen ideologiegetriebenen falschen bildungspolitik, die in sinnlose bildungsexperimente investiert hat. qualifizierte lehrer werden durch quereinsteiger ersetzt; auch das ist eine folge des fachkräftemangels. sie haben sich das ziel gesetzt, , prozent des bruttoinlandsprodukts für forschung und entwicklung aufzuwenden. aber das fundament für forschung und entwicklung ist gute bildung. die usa investieren prozent des bruttoinlandsprodukts in bildung, deutschland gut prozent. um zukunftsfähig zu werden, müssen wir in diesem bereich mehr geld in die hand nehmen. fehlende fachkräfte und ein schlechter bildungsstandard sind realität in deutschland. es steht also schlecht um die zukunftsperspektiven und insbesondere auch um ihre hightech-strategie. vielen dank. dr. manja schüle, spd, ist die nächste rednerin."
9,01.02.2019,ID197800900,Manja,Schüle,SPD,Manja Schüle,"sehr geehrter herr präsident! liebe kolleginnen und kollegen! liebe gäste auf der tribüne! im dschungel der nachrichten buhlen immerfort neue wörter und meldungen um unsere aufmerksamkeit. anfang januar wurden unsere privatesten daten ins netz gestellt, und plötzlich reden alle über promidoxing. dabei vergessen wir, dass das nicht nur prominente betrifft. es betrifft unsere familien, kinder, freunde, kollegen und mitarbeiter. ihre und unsere daten, unsere wohnadressen, telefonnummern, unsere chats und fotos werden ins netz gestellt und können bis zum heutigen tag heruntergeladen werden. auch wenn der link auf twitter gelöscht ist: das internet vergisst bekanntermaßen nichts. für mich steht fest: der digitale wandel erfordert auch neue antworten im bereich der zivilen sicherheitsforschung, über den wir heute diskutieren. das beispiel doxing zeigt doch: es braucht keine fremden regierungen, die kriminelle anwerben, um unserer demokratie und uns zu schaden. es reicht ein junger mittelhesse, der für sich und seine rechte gesinnung um aufmerksamkeit buhlt. der staat hat für die sicherheit seiner bürgerinnen und bürger zu sorgen punkt. deshalb verbietet sich auch eine debatte, die sich ausschließlich auf terrorabwehr oder kriminalitätsbekämpfung beschränkt. es geht auch nicht um staatstrojaner oder backdoors. es geht schlicht darum, technologien zu entwickeln, die uns alle schützen. mit diesem programm werden wir projekte fördern, die den helfern helfen. es geht um eine bessere koordination von rettungskräften bei großeinsätzen. es geht darum, zu schauen, wie im fall eines stromausfalls lebenswichtige infrastruktur aufrechterhalten werden kann. kurz und gut: es geht um uns alle. und dabei sollte immer klar sein: nicht technik schafft sicherheit. sicherheit schaffen nur menschen. ich gebe ihnen zwei beispiele: ich bin potsdamerin. bei uns werden sehr häufig ganze stadtteile gesperrt, weil immer wieder bomben aus dem zweiten weltkrieg gefunden werden, die entschärft werden müssen. dann kommt sprengmeister schwitzke, ein held in meiner region. zukünftig wird er von robotern unterstützt werden. genau darum geht es in diesem programm: wir investieren viele millionen euro, um neue sensoren zu erforschen. das zweite beispiel ist schon etwas problematischer: das pilotprojekt gesichtserkennung am berliner bahnhof südkreuz. hier testen bundespolizei, bka und deutsche bahn videoanalysesysteme. heute können wir uns noch entscheiden: gehe ich durch die tür mit gesichtserkennung, oder gehe ich durch die tür ohne gesichtserkennung. ich frage mich aber schon: wie lässt sich mithilfe von kameras und teilautonomen systemen eigentlich erkennen, ob jemand rennt, weil er seinen zug erreichen will oder weil er ein attentat plant. es ist also unsere aufgabe, sorgsam austarierte sicherheitslösungen vorzulegen und dabei auch immer an das zu denken, was das bundesverfassungsgericht schon festgestellt hat: allein das wissen, dass ich beobachtet werden könnte, schränkt mich in meinen grundrechten ein. wir geraten unter druck: auf der einen seite durch militante ausspähversuche, auf der anderen seite aber auch, wenn wir uns nur darauf konzentrieren, mit videoüberwachung oder videoanalysesystemen zu operieren. deshalb ist dieses programm mehr. wir denken die nächsten technologieschritte gleich mit, zum beispiel durch quantencomputer. sie sind deutlich leistungsfähiger als klassische computersysteme und ermöglichen neue verschlüsselungsalgorithmen, die schwerer zu knacken sind. sie wollen wir stärker in die anwendung bringen. dafür stellen wir in den nächsten jahren millionen euro zur verfügung. noch mal zum südkreuz. ist unser sicherheitsempfinden wirklich befriedigt, wenn überall kameras hängen? ich schaue da vor allen dingen zu den gästen auf der tribüne. ich bin mir ziemlich sicher: ihre persönliche und berufliche sicherheit ist eher bedient, wenn der zug pünktlich und der schaffner gesund ist. das ist nicht trivial, sondern zeigt: die grenzen des schutzes vor bedrohung, aber auch der schutz unserer bürgerrechte sind fließend und nicht einseitig zu verletzen. genau das ist unsere aufgabe. auch deshalb ist es uns sozialdemokraten wichtig, nicht nur die technischen voraussetzungen zu erforschen, sondern die gesellschaftlichen folgen mitzudenken. herzlichen dank. mario brandenburg, fdp, ist der nächste redner."
10,01.02.2019,ID197801000,Mario,Brandenburg,FDP,Mario Brandenburg,"herr präsident! liebe kolleginnen! liebe kollegen! stellen sie sich vor, sie sitzen hier, lauschen der plenar debatte und liegen parallel irgendwo anders noch am strand und genießen die sonne. was sich wirr anhört, wäre ihnen theoretisch möglich, wenn sie ein quantenteilchen wären. diese interessante domäne der physik wird wahrscheinlich unser leben verändern. deswegen möchte ich meine spärliche redezeit von zwei minuten und dreißig sekunden dem rahmenprogramm quantentechnologien widmen. vorab: ich bin froh, dass es dieses programm gibt und dass kollegin schüle hat es gesagt geld hineinfließt. es gibt da durchaus bereiche, die mich positiv stimmen. bei industrienaher forschung wie quantensensorik oder quantenkommunikation gibt es partnerschaften mit unternehmen. dort sehe ich fortschritt. etwas problematischer sieht es bei quantencomputern aus. unsere klassischen fördersysteme greifen dort leider oft nicht; denn es ist nicht ganz klar, welche technologie sich durchsetzt, ob supraleitend oder gefangene ionen. des weiteren ist es nicht möglich, prototypen zu bauen und umsätze zu zeigen, um in gängige förderprogramme zu kommen. deswegen haben die freien demokraten ihnen mein kollege thomas sattelberger ist darauf eingegangen verschiedene lösungsmöglichkeiten vorgelegt. greifen sie zu! bedienen sie sich! so geht forschungsförderung. ein weiterer antrag von mir und meiner fraktion zum thema quantencomputer liegt vor; denn hier liegen die chancen auf der straße. gehen sie zusammen mit unseren forschern und start-ups mutig voran, und setzen sie sich für quantenresistente kryptografie made in germany ein! wir haben sowohl die leute als auch die reputation, um da einen standard zu setzen, der weltweit lange gültig ist und von dem wir lange zehren können. auch hier liegen lösungen vor. bedienen sie sich! als letzter bereich in dem report wird die sichtbarkeit dieser industrie bzw. dieses forschungsbereichs angesprochen. wenn man mit gründern in dieser szene spricht, erfährt man, dass sie sich oft nicht richtig wahrgenommen fühlen. wir variieren ja die instrumente, auf die sie potenziell reagieren könnten; wir haben es auch mit einer schriftlichen einzelfrage versucht. ich sage ihnen: schreiben sie doch einen wettbewerb mit einem preisgeld auf das erreichen eines in der szene wirklich wahrgenommenen meilensteins aus das könnte beispielsweise der erste rechner mit qubits sein , um aufmerksamkeit auf dieses feld zu legen, in dem wir so viele schlaue köpfe haben und sehr anerkannt sind. greifen sie ihnen unter die arme! die fdp unterstützt sie dabei. vielen dank und ein schönes wochenende. kai gehring, bündnis /die grünen, ist der nächste redner."
11,01.02.2019,ID197801100,Kai,Gehring,BÜNDNIS 90/DIE GRÜNEN,Kai Gehring,"herr präsident! liebe kolleginnen und kollegen! immer wieder frage ich mich, ob die forschungsförderung der bundesregierung eigentlich die richtigen prioritäten setzt und inwieweit sie damit die großen gesellschaftlichen herausforderungen unserer zeit adressieren und bewältigen helfen. artensterben, vermüllung der umwelt, konflikte und kriege weltweit, die lebensbedrohliche klimakrise dazu fehlt uns vieles in der forschung, frau karliczek. damit wir den zukünftigen generationen einen lebenswerten planeten hinterlassen können, müssen wir im forschungsbereich die richtigen lösungen finden. alles andere wäre zukunftsvergessen. in ihrer forschungsstrategie gehören mensch und umwelt endlich in den mittelpunkt. aus dem bmbf hören wir zu den großen fragen unserer zeit leider wenig oder so wie heute leider auch nichts neues. dabei können sie sich gerne an grünen vorschlägen bedienen, ganz im sinne von open access. wissen wächst, wenn es geteilt wird. erst in der letzten sitzungswoche haben wir unseren antrag zur stärkung der klimaforschung eingebracht. und ich appelliere nochmals an sie: lassen sie uns gemeinsam die grundlagen- und anwendungsforschung in dieser menschheitsfrage deutlich stärken! das gleiche gilt für die friedensforschung. statt einseitig in die militärforschung zu investieren, müssen wir durch die beste forschung dabei helfen, konflikte zu lösen, bevor sie in gewalt ausbrechen und menschen hunderttausendfach vertrieben werden. das ist deutschlands verantwortung in der welt als global player, als friedensmacht und als wissenschaftsland. forschung und innovation sind eben mehr als technik, technik, technik und mehr als managersprech à la fdp. gerade weil technologische entwicklungen unsere wirtschaft und unsere gesellschaft so stark verändern, brauchen wir starke geistes- und sozialwissenschaften. ungleichheitsforschung, migrationsforschung, geschlechterforschung, arbeitsmarktforschung gerade solche disziplinen geben innovationen sinn und eine richtung, nämlich dem gemeinwohl zu dienen. uns grünen im bundestag ist dabei besonders wichtig, die gesellschaft einzubinden. sehr zögerlich hat das auch die regierung verstanden und widmet jetzt der partizipation so ein ganz kleines restekapitel in der hightech-strategie. aber die bürgerwissenschaften können viel mehr; das haben wir in unserem antrag herausgearbeitet. landauf und landab tüfteln die menschen längst in reallaboren und in citizen-science-projekten an den großen herausforderungen. also trauen sie sich mehr, und trauen sie den menschen mehr zu! die bürgerwissenschaften gehören gestärkt. binden sie zum beispiel die schulen noch stärker ein, damit auch arbeiterkinder die forschungsbegeisterung endlich stärker packt! das elternhaus darf nämlich nicht dafür verantwortlich sein, wer die spitzenforscherin oder der spitzenforscher von morgen ist. damit kein talent auf der strecke bleibt, brauchen wir vor allem auch gut ausfinanzierte hochschulen. garantieren sie der herzkammer unseres wissenschaftssystems endlich verlässliche aufwüchse, frau karliczek, die die außeruniversitären forschungseinrichtungen längst haben; denn ein guter hochschulpakt kommt lehre und forschung zugute. durch diese verlässliche finanzierung haben wir natürlich auch hohe erwartungen an außeruniversitäre forschung: herausragende resultate, gute arbeitsbedingungen, diversity und geschlechtergerechtigkeit, transparenz und unabhängigkeit, aber eben auch starke brücken in die wirtschaft und in die gesellschaft hinein. diese brücken brauchen innovationen, die unsere gesellschaft eben nicht nur technisch, sondern auch sozial-ökologisch voranbringen. besten dank. jetzt erteile ich das wort dem kollegen mario mieruch."
12,01.02.2019,ID197801200,Mario,Mieruch,fraktionslos,Mario Mieruch,"sehr geehrter herr präsident! sehr geehrte damen und herren! liebe frau christmann, wenn hundert lungenärzte und sonstige experte nur privatpersonen sind, frage ich sie: was ist dann jürgen resch? ich möchte existenzielle zukunftsfragen nicht unter panik diskutieren; denn panik ist in der regel ein schlechter ratgeber und führt selten zu rationalen entscheidungen. ich möchte unsere zukunft nicht ideologisch am reißbrett planen. ich möchte auch nicht, dass man sich zu oft unrealistische oder gar unerreichbare ziele setzt, mit denen man dann sehenden auges scheitert. statt aus dem scheitern zu lernen und sich realistisch zu korrigieren, setzt man sich noch unerreichbarere ziele und scheitert immer wieder. unsere gesellschaft kennt mittlerweile leider keine fehlerkultur mehr. nein, sie verlernt derzeit auch ihre debatten- und diskussionskultur. es gibt nur noch befürworter oder leugner, und diese sind das gilt für beide seiten viel zu bedingungslos. jedem ist mittlerweile klar, dass nächstes jahr nicht million elektrofahrzeuge über unsere straßen rollen werden, weil die bürger das nicht wollen und der freie markt das derzeit nicht möchte. statt dem rechnung zu tragen und den kurs anzupassen, heißt das neue ziel emissionsfreie mobilität oder auch wie mittlerweile ganz unverhohlen geäußert wird einschränkung der mobilität . wenn im rahmen dieser strategien irgendwann einmal das perpetuum mobile erfunden wird, bin ich gerne der erste, der sich verneigt. man wickelt führende schlüsseltechnologien wie die kernenergie ab, legt die axt an die automobilindustrie und findet faule kohlekompromisse. satte , prozent des bruttoinlandsproduktes sollen künftig für forschung und entwicklung ausgegeben werden. das ist erst mal positiv; die richtung stimmt. ich will ihnen aber mal sagen, wie viel ein echter weltweiter technologieführer investiert: bis prozent, und das über jahrzehnte. geld ist hier aber nicht alles; denn die quelle aller entwicklung ist die bildung. immer mehr länder stellen fest, dass inklusionsexperimente eben doch niemandem nutzen und mehr schaden als nutzen angerichtet haben. dennoch ziehen einige ihre pläne weiter durch. die aufhebung des kooperationsverbotes steckt im vermittlungsausschuss, und der nachwuchs lernt derweil die digitalisierung am smartphone aus china. leistungsbereitschaft vom nachwuchs einzufordern, ist jedoch keine sünde, sondern der verantwortungsvolle grundstein für eine globale wettbewerbsfähigkeit. digitalisierung, industrie . , ki alles themen, deren diskussionsstatus hier leider viel zu oft mit up to date nichts zu tun haben. spricht man nämlich mit eben erwähnten technologieführern, dann bemängeln diese, dass hier alles viel zu lange dauert. im bericht heißt es: wir etablieren eine offene innovations- und wagniskultur. nein, hier sind wir einfach nicht konsequent genug; denn in jedem wahlkampf hören die bürger, wir müssen demokratie abbauen, und erleben dann das gegenteil. das gleiche gilt für steuern. wer wirklich offen ist, steigt auch nicht aus der kernenergie aus. bill gates schiebt dieses thema nicht von ungefähr in den usa gerade wieder richtig an. aber hey, wer will bill gates schon den sinn für zukunftstechnologien unterstellen? vielen dank. nächster redner ist dr. stefan kaufmann, cdu/csu."
13,01.02.2019,ID197801300,Stefan,Kaufmann,CDU/CSU,Stefan Kaufmann,"herr präsident! liebe kolleginnen und kollegen! meine damen und herren! wir haben heute morgen von der opposition schon viel miesepetriges und schiefes gehört. herr kollege brandenburg, im bereich der quantentechnologie machen wir ein programm in höhe von millionen euro, also viel mehr als das, was sie heute morgen hier glauben machen wollen. auch das sei einmal an dieser stelle gesagt. meine damen und herren, die expertenkommission forschung und innovation beileibe kein einseitiges gremium, liebe frau kollegin sitte bescheinigt deutschland in ihrem gutachten von eine positive dynamik der forschungs- und innovationspolitik. beim neuesten weltweiten bloomberg innovation index hat deutschland fast mit dem spitzenreiter südkorea gleichgezogen. beides freut uns natürlich. aber wir ruhen uns nicht darauf aus, sondern wir folgen gern der aufforderung der efi, angesichts der internationalen herausforderungen und des digitalen wandels in der innovationspolitik weiter gas zu geben. meine fraktion auch unser koalitionspartner ist weiterhin bereit für verstärkte investitionen im bereich forschung und innovation. hierfür bietet unser koalitionsvertrag die richtigen leitplanken. auch der vor wenigen wochen beschlossene und verabschiedete haushaltsplan für das jahr bietet den richtigen rahmen. die von der efi formulierten leitlinien für die f-und-i-politik sind im übrigen alle in unseren koalitionsvertrag eingeflossen. das , -prozent-ziel wurde genannt. es ist ein ehrgeiziges ziel, das wir zum beispiel durch die fortschreibung des paktes für forschung und innovation mit einem jährlichen aufwuchs von prozent umsetzen; albert rupprecht hat darauf hingewiesen. an dieser stelle sei gesagt, wir werden dieses , -prozent-ziel nicht ohne die privaten, nicht ohne die unternehmen schaffen. deshalb freue ich mich, dass beispielsweise basf seinen ohnehin schon hohen f-und-e-etat zuletzt fast verdoppelt hat. auch das ist ermutigend, wenn wir auf das , -prozent-ziel schauen. außerdem werden wir eine steuerliche forschungsförderung etablieren, und das, lieber kollege sattelberger, wohlgemerkt neben der projektförderung und insbesondere für kleine und mittlere unternehmen, also nicht nur für die satten und die fetten. das ist das entscheidende, lieber kollege. hier müssen wir jetzt ein bisschen tempo machen. hier gilt meine aufforderung an den finanzminister scholz, bald einen vorschlag vorzulegen. die hightech-strategie, die wir vorgelegt haben, greift die empfehlungen der efi auf. das betrifft insbesondere die stärkere berücksichtigung wichtiger querschnittsthemen wie autonome systeme und künstliche intelligenz frau ministerin, sie haben dazu ausgeführt , aber auch die förderung von sprunginnovationen und eine konsequente stärkung des transfers. hier darf ich gerne auf die ausführungen von albert rupprecht verweisen. wir sind in die umsetzung gegangen. wir haben eine ki-strategie vorgelegt. die agentur zur förderung radikaler innovationen ist auf dem weg. auch hier werden wir bald einen entsprechenden aufschlag machen. apropos tempo. meine damen und herren, dass der dringend erforderliche digitalpakt schule getrieben von der eitelkeit der länder vom bundesrat ausgebremst wurde, ist angesichts des enormen nachholbedarfs im bereich der digitalen bildung mehr als ärgerlich. diesen nachholbedarf hat auch die efi ganz klar benannt. nun drohen die länder ich sage das ganz deutlich , den digitalpakt als geisel für ihren bund-länder-streit über finanzbeziehungen zu nehmen. das kann uns nicht gefallen, meine damen und herren. wir als bund sind bereit, in dieser legislaturperiode , milliarden euro zu investieren, um die länder bei ihrer aufgabe zu unterstützen, die schulen, aber auch die lehrer und schüler besser auf die digitale welt vorzubereiten und damit das lernen an sich zu modernisieren. in diesem zusammenhang, liebe frau christmann, einen satz in richtung baden-württemberg und ministerpräsident kretschmann: es geht nicht nur um zwei laptops mehr oder weniger pro schule, es geht darum, die schulen endlich ans netz zu bringen, und zwar flächendeckend und schnell. das ist einer gemeinsamen anstrengung aller länder wert, meine damen und herren. sehr wertvoll sind die ausführungen der efi zum thema zielkonflikt nachhaltigkeit versus innovationspolitik und das klare bekenntnis zu einer technologieoffenen staatlichen f-und-e-förderung. wir müssen die chancen innovativer technologien, wie zum beispiel crispr/cas im sinne eines zukunftsfähigen innovationsstandortes in deutschland nutzen und nicht von vornherein verteufeln, meine damen und herren. außerdem geht es um eine bessere verzahnung von innovations- und industriepolitik. gut ist in diesem zusammenhang, dass wir in die neue hightech-strategie das innovationsprinzip aufgenommen haben, also die prüfung neuer gesetze auf die folgen für das innovationsklima. nochmals zurück zum genome editing bzw. der biotechnologie, einem sehr zentralen thema für unsere zukunftsfähigkeit. warum richten wir eigentlich nicht einen biotechrat ein, vergleichbar der nano-kommission, die wir ins leben gerufen haben, mit dem ziel, die chancen und risiken der gentechnik in einem breiten öffentlichen dialog zu erörtern? das scheint mir angesichts der bedeutung des themas angemessen, meine damen und herren. zum ende noch ein blick über den tellerrand. der forschungsstandort deutschland wird nur dann langfristig eine perspektive haben und weltweit wettbewerbsfähig bleiben, wenn wir einen starken europäischen forschungsraum entwickeln. deshalb ist es gut und richtig, dass deutschland den von kommissar oettinger ausgearbeiteten mittelfristigen finanzrahmen und auch den entwurf zu horizon europe von carlos moedas unterstützt, und zwar mit deutlichen mehrausgaben für den bereich der forschung. ich darf zusammenfassen, meine damen und herren. erstens. deutschland ist gut aufgestellt. zweitens. wir arbeiten mit hochdruck an allen relevanten stellschrauben. drittens. jetzt geht es darum, gemeinsam noch mehr dynamik zu entfachen. wir als parlament tragen unseren teil dazu bei. danke sehr. voraussichtlich letzter redner in dieser debatte ist der kollege rené röspel, spd."
14,01.02.2019,ID197801400,René,Röspel,SPD,René Röspel,"herr präsident! meine sehr verehrten damen und herren! wir debattieren heute auch den bundesbericht forschung und innovation, ein fast seiten starkes dokument, in dem man lesen kann, wie hervorragend und breit deutschland wissenschaftlich aufgestellt ist. ein blick hinein lohnt sich. herr katzenberg herr sattelberger, ich habe beim blick da hinein wirklich keine toten und fetten katzen gefunden, sondern einen überblick über ganz viele engagierte institute und menschen, die wissenschaft in deutschland betreiben. es lohnt sich, nicht nur darüber zu reden, sondern auch einmal dorthin zu gehen; denn dann lernt man auch als politiker tatsächlich, was längst gemacht werden müsste. das wird an vielen orten schon fast wie selbstverständlich gemacht. meine spd-ruhrgebietskollegen und ich sind im september ein bisschen durch das ruhrgebiet gefahren und haben uns in dortmund das max-planck-institut für molekulare physiologie angeschaut. wir haben vier direktoren angetroffen, zwei davon kommen aus dem ausland. wir haben gefragt: warum sind sie eigentlich nach dortmund gekommen? wohl nicht wegen des merkwürdigen blicks auf das komische stadion dort? unruhe bei den sozialdemokraten . sie haben gesagt: weil wir tatsächlich arbeitsbedingungen für unsere forschung finden, die wir sonst nirgends finden, und zwar weltweit nirgends finden. das heißt, deutschland ist mittlerweile hervorragend aufgestellt, und wir machen gute arbeit. übrigens: die meisten dieser parteien, die in den ländern beteiligt sind, bis auf ganz rechts, waren daran beteiligt, den wissenschaftsstandort in den letzten jahren deutlich nach vorne gebracht zu haben. jetzt reicht es aber nicht, sich selbst zu beweihräuchern, sondern auch zu sehen: was müssen wir eigentlich kritisch sehen? weil es ein richtiger weg ist, sich immer wieder einen spiegel vorzuhalten, ob man auf dem richtigen weg ist, hat noch die rot-grüne bundesregierung vor etwas über zehn jahren gesagt: es reicht nicht, wenn wir den bufi präsentieren, sondern wir wollen eine kritische reflexion dessen, was wir politisch tatsächlich machen. so ist die expertenkommission forschung und innovation entstanden, die uns jährlich einen kritischen bericht liefert und ihre sicht auf die technologische leistungsfähigkeit deutschlands darstellt. das ist gut so; denn wer glaubt, dass politik forschung machen könne, irrt. das machen immer noch die forscherinnen und forscher. die aufgabe der efi ist, uns die strukturellen defizite oder auch das zu benennen, was positiv läuft. wir bekommen jedes mal einen interessanten bericht. im jetzigen bericht, den wir diskutieren, steht, dass grundlagenforschung ganz wichtig ist und ausgebaut werden muss. das machen wir. das ist auch richtig. dann wird gesagt: wir brauchen eine agentur für sprunginnovationen, um innovationen, die sich nicht langsam entwickeln, sondern von heute auf morgen geschehen, anzukurbeln. auch das wird auf den weg gebracht, und auch das ist ein richtiger weg. also, wir lernen auch von dem, was uns die efi sagt. dann gibt es auch punkte, an denen es immer noch fragezeichen gibt. wenn es zum beispiel darum geht, dass die gründungsraten oder die innovatorenquoten in deutschland zurückgehen, also die zahl der unternehmen, die innovativ arbeiten, dann hat efi auch nicht so recht eine antwort. was die gründungsraten anbelangt, so geht aus der abbildung im bericht der expertenkommission hervor, dass die zahl der gründungen in der zeit deutlich nach der finanzkrise dramatisch abgenommen hat, in einer zeit übrigens, in der die fdp regiert hat, nämlich zwischen und . glauben wir einmal den experten, die das geschrieben haben. da muss wohl irgendetwas nicht richtig gut gelaufen sein, und es ist gut, dass es jetzt wieder besser läuft. trotzdem haben wir noch nicht das richtige patentrezept in dieser frage gefunden, und wir müssen alle daran arbeiten. nun kann politik tatsächlich nicht forschen, aber wir können bestimmte rahmenbedingungen setzen und anforderungen an forschung stellen. deswegen gibt es zum beispiel die hightech-strategie, die seit auf dem weg ist und im rahmen derer wir immer wieder nachfordern, immer wieder ändern, eine übergreifende programmatik entwickeln und sagen: ja, wir wollen im bereich klima mehr machen. wir müssen im bereich energie mehr machen. wir brauchen quantencomputertechnologie; herr brandenburg, sie haben das sehr sachkundig dargestellt. dann geht es in die speziellen programme, die in der hightech-strategie nicht unbedingt ausgewiesen sind, und das ist ein richtiger weg. dann üben wir auch politischen einfluss aus. wir als sozialdemokraten haben gesagt, es reicht nicht, wenn man gesundheitsforschung immer nur unter dem blickwinkel sieht: was müssen wir molekularbiologisch herausfinden? vielmehr wollen wir auch mehr versorgungsforschung. wir wollen wissen: wie müssen menschen gepflegt werden, damit sie gesund werden? und wie ist überhaupt krankheit zu verhindern? wir wollen also, dass gesundheitsforschung auch bedeutet, prävention zu erforschen, also möglichkeiten zu entwickeln, dass man gar nicht krank wird. einen bericht müssten wir eigentlich auch mitdiskutieren, der an anderer stelle noch diskutiert werden wird. das ist nämlich der nationale bildungsbericht; denn unsere nobelpreisträger und ‑trägerinnen werden nicht an den universitäten gemacht, sondern in den kindergärten. vielleicht sitzen da ja schon die künftigen nobelpreisträger und wissen das noch gar nicht, wissen noch nicht einmal, ob in literatur, physik oder medizin. es geht darum, jedes talent, das wir haben, zu heben. deswegen finde ich es ausdrücklich zynisch, wenn die afd, wie mehrfach im ausschuss geschehen, sagt, für jedes kind ist ja seine schule da. wer also als arbeiterkind auf die hauptschule kommt, der soll auch da bleiben. nein, wir sagen, jedes kind muss zu dem gemacht werden, was es am besten kann, und wir wollen volle unterstützung, auch als sozialdemokraten. wir haben ein anderes verständnis von bildung und bildungspolitik. deswegen ist es der wesentliche ansatz, alle menschen und alle kinder unabhängig von ihrer herkunft auszubilden und ihnen die bestmöglichen chancen zu geben, damit wir auch zukünftig hervorragende forscher und übrigens auch gute handwerker haben. damit schließe ich die aussprache. interfraktionell wird die überweisung der vorlagen auf den drucksachen / , / , / , / , / , / und / an die in der tagesordnung aufgeführten ausschüsse vorgeschlagen. sind sie damit einverstanden? das ist offensichtlich der fall. dann sind die überweisungen so beschlossen. bevor ich die nächsten punkte aufrufe, bitte ich darum, die offenbar notwendigen platztausche zügig vorzunehmen."
15,01.02.2019,ID197801500,Benjamin,Strasser,FDP,Benjamin Strasser,"sehr geehrter herr präsident! liebe kolleginnen und kollegen! unsere föderale sicherheitsarchitektur stammt im prinzip aus einem land vor unserer zeit, genauer gesagt, aus den -jahren des letzten jahrhunderts, einer zeit ohne handys, ohne internet, ohne tablets, ohne globalisierung und vor allem ohne weltweit organisierten terrorismus. was sich über jahrzehnte bewährt hat, das föderale prinzip, sieht sich heute anderen, neuen bedrohungslagen ausgesetzt. da waren der rechtsterroristische nsu und der fall amri, die ganz eindeutig klargemacht haben, wo die probleme liegen und wie wir sie lösen könnten. auf der einen seite haben wir es mit kleinsten, hochmobilen terroristischen zellen zu tun, die sich im alltag ganz normal über bundesländergrenzen hinweg bewegen und ihre taten planen. auf der anderen seite stehen sicherheitsbehörden des bundes und der länder, die genau diese terroristen stoppen sollen. man muss kein prophet sein, um zu wissen, dass es da auf dauer zu problemen kommt. leider müssen wir feststellen, dass bei der inneren sicherheit in deutschland zu oft zu viele zuständig sind und, wenn es darauf ankommt, keiner verantwortlich ist. ich möchte den reformbedarf aufgrund der begrenzten redezeit nur kurz aufzeigen. wir müssen uns beispielsweise überlegen, ob es wirklich noch landesämter für verfassungsschutz braucht, ob wir einem landesamt in bremen mit vollzeitstellen den gleichen arbeitsumfang zumuten wollen wie in baden-württemberg mit stellen, obwohl wir wissen, dass sich extremisten nicht proportional über unser land verteilen. weshalb ist es eigentlich in deutschland möglich, dass die länder gemeinsame rundfunkanstalten, aber keine gemeinsamen sicherheitsbehörden unterhalten? wir müssen uns die frage stellen, ob wir mit weniger behörden mehr sicherheit organisieren können. zweiter aspekt: gemeinsames terrorabwehrzentrum. was ist dort die lage? wir wissen, im september hat das gemeinsame terrorabwehrzentrum den attentäter aus berlin als kleinkriminellen drogendealer eingeschätzt. parallel plant er mit einem französischen salafisten anschläge. die polizei vereitelt diese. das gemeinsame terrorabwehrzentrum weiß von nichts. das ist ein problem. wir brauchen ein gtaz-gesetz, das die verantwortlichkeiten klar regelt. wir müssen den zustand der organisierten verantwortungslosigkeit beenden. das traurige ist aber, dass die strukturprobleme bei der inneren sicherheit jahrelang bekannt sind und wir sie hier auch diskutieren. der ehemalige bundesinnenminister thomas de maizière hat radikale vorschläge gemacht, die ich im übrigen gar nicht in allen punkten teile. wer sie aber damals geteilt hat, war volker kauder, war clemens binninger und waren auch sie, herr kollege schuster. ich weiß, dass sie eigentlich auf unserer seite sind, genau wie herr lischka von der spd, der sich geäußert hat, wie frau mihalic und herr von notz, die sich geäußert haben. uns ist es bewusst. wem es aber nicht bewusst ist, ist das bundesinnenministerium, das gar nicht hier ist. herr seehofer ist schon im wochenende. er lebt ja auch in seiner eigenen welt. herr krings, jetzt bekommen sie eben die prügel ab; das tut mir sehr leid. ich schätze sie. aber ihr minister spricht beim antrittsbesuch im gtaz allen ernstes davon ich zitiere , die zusammenarbeit zwischen bund und ländern funktioniere sehr gut. und weiter: die grundstrukturen bei der sicherheit passen. herr krings, die fdp-fraktion gönnt herrn seehofer nach einem langen politischen leben wirklich seinen ruhestand. aber muss er allen ernstes schon im bundesinnenministerium anfangen? er ist noch minister. er soll mal seine arbeitsverweigerung beenden und die probleme anpacken, die in unserem land drängen. wir werden den gordischen knoten bei der föderalismusdebatte nur lösen können, wenn bund und länder sich an einen tisch setzen, hinter verschlossenen türen tacheles reden und vor allem konsequenzen ziehen. die föderalismuskommissionen i und ii haben gezeigt, dass der föderalismus zur reform fähig ist, ohne das prinzip als solches über bord zu werfen. hören wir auf, nur zu reden, handeln wir! eine föderalismuskommission iii wäre das richtige mittel der wahl. vielen herzlichen dank. armin schuster, cdu/csu, ist der nächste redner."
16,01.02.2019,ID197801600,Armin,Schuster,CDU/CSU,Armin Schuster,"herr präsident! meine sehr verehrten damen und herren! liebe kolleginnen und kollegen! ich wollte eigentlich damit aufhören, herr strasser. jetzt fange ich damit an: sie wollen eine regierungskommission. das müssen wir schon genau benennen, so wie es in ihrem antrag steht. jetzt einigen sie sich einmal mit ihrem partei- und fraktionschef. der sagte hier gestern mittag zitat , eine gewisse regierungspraxis sei es wohl geworden, entscheidungen in kommissionen zu verlagern, statt sie im parlament zu treffen. also, da muss ich christian lindner zustimmen. das ist jetzt ein merkwürdiger vorschlag von der fdp. im übrigen, herr strasser, ist es eine ganz perfide taktik, mich zu loben; aber sie haben recht. ich widerstehe jedem reflex, sie jetzt in der üblichen manier regierungsfraktion, oppositionsfraktion anzugreifen. nein, das tue ich nicht, weil ich ihren antrag ich gehe auf keines der vielen details ein gut finde. ja, prozent der inhalte dieses antrags da fehlen noch ein paar sachen sind in ordnung. warum? sie sind fast alle von mir. entschuldigung! im ziel dieses antrags, meine damen und herren, sind sich unglaublich viele sicherheitspolitiker in diesem land einig im ziel! der vorgeschlagene weg einer kommission ist eingetreten, ausgelatscht und bisher völlig unerfolgreich. sie haben es selber aufgezählt: otto schily verliert mit ernsten reformvorschlägen, die ich gut fand, : im bundesrat. wolfgang schäuble hatte als innenminister den weg dafür gebahnt, endlich eine schnittstellenbetrachtung der bundeszollverwaltung und der bundespolizei vorzunehmen gescheitert! die werthebach-kommission wurde erster klasse von hans-peter friedrich beerdigt. ich glaube, er musste es, er wollte es vielleicht gar nicht. wir haben zusammen mit der fdp in unserer gemeinsamen regierungszeit eine kommission eingerichtet, um die sicherheitsgesetzgebung zu evaluieren. wir haben uns so verhakt bmj und bmi , dass es nie zu einem ergebnis kam. der empfehlungskatalog nsu . enthält handlungsempfehlungen für die sicherheitsarchitektur, die wir mit den ländern nicht umsetzen konnten es wird bis heute hartnäckig verweigert , die darauf zielen, dass es in fällen wie amri oder nsu eine zentrale ermittlungsführung mit durchgriffsrechten gibt. ich erinnere hier an den anschlag vom breitscheidplatz und die rolle des gtaz. ich würde kein gesetz machen, sondern einen anderen weg gehen. das müssten wir aber diskutieren. meine damen und herren, internationaler terrorismus, cybercrime, ok in europa und weltweit was für ein anachronismus ist es da, dass der bundesinnenminister in der ständigen konferenz der innenminister und -senatoren der länder nur ein gastrecht genießt! herr kollege schuster, der kollege strasser würde gerne eine zwischenfrage stellen. ja, ich warte schon darauf. herr kollege schuster, sie haben jetzt mit vielen schönen worten erklärt, was alles notwendig wäre und warum man nicht handelt. stimmen sie mir nicht zu, dass das vor allem ein problem der unionsfraktion ist? ich habe den kollegen krings hier einmal in der fragestunde gefragt, wie die bundesregierung sich denn jetzt stellt: auf die seite von herrn de maizière und ihnen, die sagen, dass wir reformen im bereich der inneren sicherheit brauchen das haben sie in einem gastbeitrag mit herrn binninger im april entsprechend dargelegt , oder auf die seite von horst seehofer, der passt schon sagt und lieber die finger davon lässt? hat er doch gesagt. was können wir als parlament von dieser regierung eigentlich noch erwarten? herr strasser, mit der performance verschlechtern sie einen guten antrag. meine damen und herren, ich habe es versucht, ich versuche es noch einmal: mit der fdp konnten wir bisher nicht so klug diskutieren, wie sie gerade zum thema cybersicherheitsarchitektur und onlinebefugnisse vorgetragen haben. es ist ein sehr guter antrag. das ist das erste mal, dass ich von ihnen so etwas höre. wir sind gesprächsbereit. zum trennungsgebot. sie sind auch eine fraktion, die daran schuld trägt, dass wir nicht weiterkommen. die grünen regieren in diesem land mit, oder sie regieren wie in baden-württemberg. freunde, wir müssen, wenn wir das, was sie vorschlagen, tun wollen, konstruktiver über anker-zentren und sichere herkunftsstaaten reden können, dann müssen wir konstruktiv über ein muster-polizeigesetz reden können. jetzt komme ich zu uns. ich schone uns nicht und betreibe selbstkritik. spd und union sind in diesem land garantiert dafür verantwortlich, dass einige landesinnenminister sich aufführen, als wenn sie ein fürstentum führen würden. so, das sage ich auch einmal. das ist die gemengelage, über bodo ramelow, winfried kretschmann und alle anderen ministerpräsidenten. sie von der fdp regieren in nordrhein-westfalen mit und wollten die schleierfahndung nicht im koalitionsvertrag haben, herr strasser. das ist doch ein oberwitz. ich gestatte ihnen sogar, sich jetzt wieder hinzusetzen. sonst wäre es unfair. was will ich damit sagen? wir haben zwei kommissionen, die den auftrag haben, den gordischen knoten zu durchschlagen, den sie und auch ich durchschlagen wollen. die erste kommission nennt sich ministerpräsidentenkonferenz, und die zweite kommission nennt sich innenministerkonferenz. meine damen und herren, da sitzen wir alle zusammen drin. alle zusammen sind wir dafür verantwortlich, dass sich diese dinge nicht bewegen und wir sie nicht konstruktiv diskutieren. und wenn die regierungen in diesem land, mit dieser bunten farbenlehre, nicht in der lage sind, diesen knoten zu durchschlagen, dann ist es eine aufgabe für uns hier in diesem parlament. dann müssen wir uns dem selbsttest aussetzen, ob wir in der lage sind, so konstruktiv gemeinsam über all die strittigen punkte zu diskutieren, dass wir zu einem plan kommen. ich glaube, dass solch ein plan hochnotwendig ist. jetzt verrate ich ihnen, warum ich nur prozent ihres antrags gut finde. wenn wir das schaffen und eine nationale sicherheitsstrategie, die wir gemeinsam entwickeln, obendrauf setzen, könnte ich mir der staatssekretär hält sich vielleicht besser die ohren zu im bundeskanzleramt auch einen nationalen sicherheitsberater vorstellen. aber bei dieser idee wird mir seit zehn jahren erklärt: vergiss es! da machen die länder nie mit. meine damen und herren, wir haben globale bedrohungen, wir haben europäische bedrohungen. der bund muss mehr verantwortung erhalten. ich bin der festen überzeugung: das alles gemeinsam in eine nationale sicherheitsstrategie zu gießen und sie vielleicht auch mit einem kopf zu versehen, wäre etwas, was die lebensqualität der menschen in deutschland deutlich positiv beeinflussen würde. ich möchte erstens den ländern etwas sagen. wer glaubt, er müsse seine pfründe verteidigen, der irrt in den augen der bevölkerung ganz sicher. ihr sind zuständigkeitserwägungen völlig wurscht. sie will sicherheit, und wir müssen sie garantieren. zweitens sei mir ein satz an die presse erlaubt, mit der ich seit zehn jahren darüber diskutiere und von der ich immer den satz höre: ach, herr schuster, strukturdebatten sind total langweilig und machen keine auflage. liebe journalisten, bleibt dabei! wir sollten uns aber nicht davon beeindrucken lassen, dass man damit nicht in die zeitung kommt. wir sollten es tun. ich danke ihnen. nächster redner ist der kollege martin hess, afd."
17,01.02.2019,ID197801700,Martin,Hess,AfD,Martin Hess,"sehr geehrter herr präsident! sehr geehrte damen und herren! liebe kollegen von der fdp, in ihrem antrag beschreiben sie zutreffend, welche massiven probleme die sicherheitsbehörden bei der bekämpfung des enormen islamistischen terrors in unserem land haben. zur lösung dieser erheblichen sicherheitsprobleme wollen sie eine kommission einrichten, die bis zum jahr vorschläge zur neuausrichtung der föderalen sicherheitsarchitektur machen soll. das problem ist nur: wir haben keine zeit mehr bis . wir können nicht mehr nach der devise handeln: wenn ich nicht mehr weiterweiß, dann bilde ich einen arbeitskreis. das bisherige politische versagen wurde ja von ihnen, kollege schuster, gerade sehr anschaulich dargestellt. die terrorgefahr ist so hoch wie nie vorher. deshalb müssen wir jetzt sofort handeln, und wir müssen jetzt wirksame maßnahmen zum schutz unserer bürger umsetzen. anders formuliert: der worte sind genug gewechselt, jetzt muss endlich gehandelt werden. dazu ist es erforderlich, dass als erstes das hauptproblem gelöst wird, das für die desaströsen zustände im bereich der inneren sicherheit verantwortlich ist, und das sind unsere offenen grenzen. es müssen endlich alle fraktionen in diesem haus zur kenntnis nehmen, dass wir nur mit einer ehrlichen und ideologiefreien problemanalyse die sicherheitsprobleme unserer zeit lösen können. daran fehlt es außer der afd bedauerlicherweise allen fraktionen in diesem hause. die wahrheit ist und bleibt: deutschland ist so unsicher wie nie zuvor. noch nie zuvor in unserem land mussten die weihnachtsmärkte mit betonpollern vor islamistischen anschlägen geschützt werden. noch nie zuvor in der geschichte unseres landes mussten zum schutz unserer frauen bei öffentlichen veranstaltungen frauenschutzzonen eingerichtet werden. noch nie zuvor in der geschichte unseres landes ist die zahl der körperverletzungs- und tötungsdelikte mit dem tatmittel messer so exorbitant in die höhe geschossen wie in den letzten jahren. und noch nie gab es für die bürger unseres landes eine so hohe terroristische anschlagsgefahr. wir hatten im juli einen höchststand von islamistischen gefährdern; zum jahresbeginn waren es lediglich . die anzahl der gefährder hat sich also seit der grenzöffnung fast verfünffacht. zur erinnerung: bei gefährdern stellt sich nicht mehr die frage, ob sie einen terroranschlag begehen, sondern nur noch, wann . auch bei den salafisten, dem islamistisch-terroristischen personenpotenzial und den islamistischen terrorverfahren haben wir stetig steigende zahlen zu verzeichnen. das belegt ganz eindeutig, dass alle maßnahmen, die diese regierung zur bekämpfung des islamistischen terrors ergreift, völlig unzureichend sind. sie vernachlässigen in unverantwortlicher art und weise die sicherheit und den schutz unserer bürger. schauen sie sich die terrorlage doch einmal genau an! nahezu alle terrorverdächtigen sind als flüchtlinge in unser land eingereist. ich könnte viele beispiele aufzählen, will mich aber jetzt auf den aktuellsten fall beschränken, nämlich den der drei iraker, die am mittwoch festgenommen wurden, weil sie in einem dorf in schleswig-holstein einen terroranschlag geplant hatten, bei dem möglichst viele bürger umgebracht werden sollten. meine fraktion dankt von dieser stelle ganz ausdrücklich allen sicherheitskräften, die an der verhinderung dieses anschlages beteiligt waren. super job gemacht! aber auch diese terroristen das gehört zur wahrheit sind als vermeintlich schutzsuchende über die offenen grenzen in unser land gekommen. und solange wir diesen kardinalfehler der offenen grenzen in der deutschen sicherheitspolitik nicht endlich korrigieren, so lange laufen alle versuche, die sicherheitsbehörden besser aufzustellen, ins leere. wissen sie, was die bürger nicht mehr nachvollziehen können? wenn es um ihren schutz geht, dann werden die grenzen massiv kontrolliert. beim g‑ -gipfel wurde die grenze durch die bundespolizei massiv kontrolliert. ergebnis: in fünf tagen nahm die bundespolizei per haftbefehl gesuchte straftäter fest. das beweist doch ganz eindeutig: grenzkontrollen bringen sicherheit; sie schützen unsere bürger vor gewaltverbrechern und terroristen. deshalb muss jeder politiker, dem die sicherheit unseres landes wirklich am herzen liegt, dieser regierung laut und klar sagen: wenn sie die sicherheitslage in diesem land wirklich verbessern wollen, dann schützen sie endlich unsere grenzen! weisen sie personen ohne einreiselegitimation konsequent zurück! und schieben sie endlich alle personen ab, die sich illegal in unserem land aufhalten! aber auch das gehört zur wahrheit mit diesen maßnahmen alleine können wir den islamistischen terror nicht stoppen; denn die polizei verfügt schlicht und ergreifend nicht über genügend ressourcen, um alle islamistischen gefährder, die sich bereits in deutschland befinden und einen terroranschlag planen, lückenlos zu überwachen. es ist daher zum schutz unserer bevölkerung, gerade unter verhältnismäßigkeitserwägungen, zwingend erforderlich, alle gefährder entweder in ihre heimat abzuschieben oder in abschiebehaft zu nehmen. dort, wo das nicht möglich ist, muss der längerfristige gewahrsam zur anwendung kommen. anders kann die gefahr für leben und gesundheit unschuldiger bürger in unserem land unmöglich abgewehrt werden. mit der umsetzung dieser maßnahme können auf einen schlag tickende zeitbomben effektiv entschärft werden. für uns und für die bürger unseres landes ist es daher in keinster weise nachvollziehbar, warum sie sich diesem massiven sicherheitsgewinn verweigern. die sicherheit und der schutz unserer bürger sind für uns nicht verhandelbar. oder, um es mit den worten der fdp auszudrücken: sicherheit first. bedenken second. wir haben es heute mit islamistischen terroristen zu tun, die international vernetzt, kriegserfahren und zum massenmord selbst an unschuldigen frauen und kindern bereit sind. die überwachung dieser terroristen kann in vielen bundesländern aber nur unzureichend erfolgen, weil die vielzahl der unterschiedlichen polizeigesetze keinen geeigneten rechtsrahmen für effektive gefahrenabwehr bietet. und das ist keine neue erkenntnis; das sagen uns die sicherheitsexperten seit jahren. deshalb können wir den kampf gegen den islamistischen terrorismus nur gewinnen, wenn wir, wie wir das in unserem antrag fordern, dem bund die zuständigkeit für die gefahrenabwehr im bereich der terrorbekämpfung übertragen. als polizist und pragmatiker fordere ich sie deshalb auf, endlich zu handeln. was wir jetzt brauchen, liebe kollegen von der fdp, sind keine kommissionen. wir brauchen auch keine politiker wie martin schulz von der spd, der uns vor geraumer zeit darüber aufklären wollte, dass terror ein lebensrisiko des . jahrhunderts sei. wir brauchen auch keinen herrn de maizière, der behauptet: wir werden lernen müssen, mit dem terror zu leben. denn genau das gegenteil ist richtig: im namen unserer bürger, unserer kinder und unserer enkel dürfen und werden wir nicht mit diesem terror leben. wir wollen endlich wieder ein sicheres deutschland ohne betonpoller und ohne frauenschutzzonen. deshalb sage ich ihnen: was wir jetzt wirklich brauchen, das sind politiker, die fest entschlossen sind, den islamistischen terrorismus wirksam zu bekämpfen, und diesen kampf jetzt endlich zur chefsache machen, die sich nicht hinter irgendwelchen rechtlichen regelungen verstecken und sagen: das können wir nicht machen; denn da spricht geltendes recht dagegen. aufgabe von politik ist es, immer zu prüfen, ob mit den geltenden rechtsgrundlagen die probleme unseres landes gelöst werden können. und wenn wir feststellen, dass wir die sicherheitsprobleme mit geltendem recht nicht lösen können, dann müssen wir unsere rechtsgrundlagen modifizieren, ergänzen und gegebenenfalls neue schaffen. denn das recht ist für die menschen da; die menschen sind nicht für das recht da. mit unseren vorschlägen wird die sicherheit zeitnah und nachhaltig verbessert. deshalb kann ich nur an sie appellieren: stimmen sie unseren parlamentarischen initiativen zu, damit deutschland wieder sicher wird! nächster redner ist sebastian hartmann, spd."
18,01.02.2019,ID197801800,Sebastian,Hartmann,SPD,Sebastian Hartmann,"sehr geehrter herr präsident! meine sehr geehrten damen und herren! liebe kolleginnen und kollegen! freiheit ist unmöglich, wenn sie nicht durch den staat gesichert wird. so formulierte es karl popper. das ist ein guter anlass, sich den fdp-antrag mal zu gemüte zu führen und zu schauen, wie sie klagen, dass aus der werthebach-kommission oder aus den vorschlägen von thomas de maizière nichts geworden ist. es gab tatsächlich politiker, die damals reflexartig sagten: das ist kompletter nonsens. noch mehr konzentration führt zu noch mehr fehlern. wir haben doch schon ein fbi; es heißt nur bundeskriminalamt. man solle doch nur klären, was besser zu machen ist. das sagte ihr wolfgang kubicki, der die vorschläge von thomas de maizière sofort ablehnte. auch christian lindner ließ kein gutes haar an den vorschlägen. er wies selbst darauf hin, dass sie schon bei der schwarz-gelben koalition in der diskussion waren und man das alles hätte machen können. so ist es nämlich mit ihnen, meine damen und herren von der fdp: sie suggerieren an dieser stelle, dass sie die lösung hätten, und wollen bei dieser frage gleichzeitig davon ablenken, dass dahinter ein nicht handlungsfähiger staat steht, wofür sie die verantwortung tragen, weil sie mit ihrer falschen marktgläubigkeit und ihren steuersenkungsparolen selbst dafür gesorgt haben, dass es den nachtwächterstaat gibt, der polizistinnen und polizisten nicht vernünftig bezahlt hat bzw. nicht genug polizistinnen und polizisten eingestellt hat. sie sind selbst dafür verantwortlich, dass wir in dieser lage sind, meine damen und herren. und jetzt lenken sie ab, indem sie eine zuständigkeitsdebatte führen. herr kollege hartmann, der kollege strasser würde gerne eine zwischenfrage stellen. gerne. vielleicht kommen wir mal zur sachdebatte zurück. wenn sie mir zugehört hätten, wüssten sie, dass ich vorhin gesagt habe, dass wir nicht alle vorschläge von thomas de maizière teilen. ihre vorwürfe kann ich deshalb nicht nachvollziehen. ich will ihnen mal vorhalten ich weiß, ihre kollegin högl denkt anders als ihr kollege lischka , was herr lischka am . april in einer bundestagsrede gesagt hat: gerade föderale strukturen verlangen beim antiterrorkampf klare führung und verantwortung sowie einen schnellen daten- und informationsaustausch auch über ländergrenzen hinweg. ich weiß, dass sich einige bundesländer mit der stärkung der zen tralstellenfunktion des bundesamtes sehr schwertun. aber ich sage auch: für behördenegoismen darf es nach dem nsu-skandal keinen platz mehr geben. ist das jetzt ihre haltung, oder ist es die haltung von frau högl, die das alles für nonsens hält? aber lieber herr kollege, wenn sie frau kollegin högl zitieren und fragen, ob das ihre meinung ist, kann ich ihnen relativ einfach sagen: wenn sie zitieren, was frau högl gesagt hat, dann ist das ihre meinung. ich habe darauf hingewiesen: sie wollen hier davon ablenken, dass es nicht um eine frage der zuständigkeiten geht, sondern um eine frage der leistungsfähigkeit des staates. sie verkennen auch, dass wir in der vergangenen legislaturperiode über das datenaustauschverbesserungsgesetz einen föderalen zusammenhang geschaffen haben, indem die daten von den kommunen, von den ländern und vom bund ausgetauscht und abgeglichen werden. aber selbst das wird nicht dazu führen, dass sie das zugrundeliegende problem lösen können. weil sie es aufgrund ihrer ideologie und verkennung der problematik aus sicht der fdp nicht lösen können. sie müssen dafür sorgen, dass der staat handlungsfähig ist. sie müssen die leute vernünftig bezahlen. sie müssen für eine vernünftige besteuerung sorgen, damit dieser staat über einnahmen verfügt. sie sollten in ihrer marktgläubigkeit nicht in eine steuersenkungsdebatte verfallen. in einem nachtwächterstaat müssten sie vor allen dingen eine sache verantworten: dass sich nur die reichen einen armen staat leisten können. die spd hat demgegenüber klar erkannt: sicherheit ist ein soziales recht, und freiheit ist nur durch einen starken, handlungsfähigen staat möglich. meine damen und herren von der fdp, es hat sie niemand dazu verurteilt oder gezwungen, diese debatte aufzumachen. aber wenn sie eine debatte über föderale zuständigkeiten führen wollen, dann müssen sie sich auch harte kritik gefallen lassen. es waren ihre kürzungen in der zeit von schwarz-gelb. sie haben stellen bei der polizei eingespart. sie sorgen konkret dafür, dass in nordrhein-westfalen die steuerfahndung zurückgestellt wird. sie sind dafür verantwortlich. übernehmen sie dafür die verantwortung, und lenken sie nicht ab! sie machen noch etwas anderes: sie wecken erwartungen, die sie nachher nicht erfüllen können. das ist das gefährliche an der debatte über die innere sicherheit. sie könnten sich ein beispiel an den kollegen der union hier im plenum nehmen, die sich etwas zurückgehalten haben, weil sie wissen, dass sie seit auf bundesebene den innenminister stellen. das ist das problem. jedes mal, wenn etwas passiert ist und absolute sicherheit gibt es nicht , ruft die union nach noch härteren, noch schärferen gesetzen. dann muss man sich aber auch die frage gefallen lassen: was haben sie denn vorher selbst gemacht, liebe kolleginnen und kollegen? insofern muss man selbstbewusst zu der verantwortung stehen, die man übernommen hat. wir müssen zu dem stehen, was wir auf den weg gebracht haben, und zum beispiel loben, dass wir gestern den pakt für den rechtsstaat beschlossen haben, dass wir beschlossen haben, dass es endlich mehr richter und staatsanwälte gibt, dass personen eingestellt werden. dass wir polizistinnen und polizisten einstellen, ist unsere verantwortung. darum haben wir uns gekümmert, und wir lenken nicht durch eine debatte über zuständigkeiten ab. wir haben erkannt, dass innere sicherheit und öffentliche sicherheit untrennbar verbunden sind. das ist gesellschaftspolitik. wir reagieren darauf, indem wir dafür sorgen wollen, dass sich die sozialen verhältnisse in allen stadtvierteln dieses landes verbessern, in allen teilen dieses landes. der große sprengstoff in unserer zeit sind die zunehmende ungleichheit und das gefühl, dass es nicht gerecht zugeht. auch deswegen ist es im übrigen wichtig jetzt komme ich auf den punkt terrorismus zu sprechen , dass man dem terrorismus die grundlage entzieht. auch der finanzstrom muss stillgelegt werden. insofern müssen wir auch die finanzierung von terrorismus in den mittelpunkt rücken. aber passt das damit zusammen, dass sie die mittel für die steuerfahndung zurückfahren wollen, dass sie nicht mehr dafür sorgen wollen, dass der zoll leistungsfähig ist? insofern geht es nicht ausschließlich um eine frage der föderalen zuständigkeit, sondern es geht darum, dass dieser staat insgesamt leistungsfähig ist. wir verweigern uns nicht einzelnen vorschlägen. wir können an der einen oder anderen stelle über zuständigkeiten sprechen. aber sie werden es innerhalb kürzester zeit nicht schaffen, diesen staat nur durch eine diskussion über zuständigkeiten leistungsfähiger zu machen. sie müssen sich darum kümmern, dass viele menschen bereit sind, verantwortung im staatsdienst zu übernehmen. wir haben die weichen gestellt. das werden wir auch in der nächsten zeit tun. noch ein letzter punkt ist herauszustellen. es geht nicht ausschließlich darum, wie wir über den föderalismus bestimmte fragen regeln. wir müssen anerkennen, dass länder und kommunen in einem föderalen staat auch verantwortung übernehmen. im vergleich zu anderen staaten sind wir da wesentlich besser aufgestellt, indem wir nämlich geteilte verantwortung übernehmen. an dieser stelle ist zu betonen: wer organisiert denn die extremismusaussteigerprogramme? hier ist viel über den islamistischen terror gesprochen worden. aber wer kümmert sich denn darum, dass der nsu-skandal aufgeklärt wird, dass der rechtsextremismus bekämpft wird, dass auch in diesem bereich aussteigerprogramme angeboten werden? an dieser stelle geht ein dank auch an die länder, die sich im rahmen der föderalen sicherheitsarchitektur darum kümmern, dass eine bessere, dass eine besser organisierte sicherheit angeboten werden kann als in anderen, stärker zentralisierten staaten, in denen auch wie in frankreich oder großbritannien anschläge stattgefunden haben. lenken sie also nicht ab mit scheindebatten, in denen sie glauben machen, dass man nur über eine föderalismusreform etwas tun kann. wir sorgen für einen starken, handlungsfähigen staat. in diesem starken, handlungsfähigen staat wird freiheit nicht gegen sicherheit ausgespielt. freiheit ist nur durch sicherheit und in einem leistungsfähigen staat möglich. weil wir das wissen, sorgen wir dafür, dass die freiheit so gesichert wird, dass alle menschen daran teilhaben können und nicht eine gruppe gegen die andere ausgespielt wird; denn sonst können sich nur die reichsten der reichen diese sicherheit leisten. meine damen und herren, wir werden ihre vorschläge im innenausschuss beraten. ich weiß, dass es ihnen nicht gepasst hat, dass ich ihnen die zitate von christian lindner und wolfgang kubicki vorgehalten habe. aber es ist ihre verantwortung, wenn sie diese debatte aufmachen. sie müssen sich zurechnen lassen, dass sie die allerersten waren, die diese vorschläge zurückgewiesen haben, als sie nicht mehr im bundestag waren. das ist widersprüchlich. wir handeln, und wir tragen verantwortung für die öffentliche sicherheit in diesem land. danke. dr. andré hahn, die linke, ist der nächste redner."
19,01.02.2019,ID197801900,André,Hahn,DIE LINKE,André Hahn,"herr präsident! meine damen und herren! lassen sie mich für meine fraktion, die linke, eines gleich zu beginn festhalten damit schließe ich an die ausführungen des kollegen hartmann an : es gibt keine absolute sicherheit vor terroristischen anschlägen, schon gar nicht bei mehr oder weniger spontanen taten von einzelpersonen oder kleinen gruppen. ich füge hinzu: der staat darf auch nicht den anschein erwecken, dass es eine solche absolute sicherheit vielleicht doch geben könne, schon gar nicht um den preis eines immer weiter gehenden abbaus von grund- und freiheitsrechten der bürgerinnen und bürger. dabei wird die linke definitiv nicht mitmachen. ich finde es schon einigermaßen befremdlich, dass gerade die angeblich so liberale fdp nun offenbar genau in diese richtung marschieren will. liebe kolleginnen und kollegen, auch zwei jahre nach dem furchtbaren anschlag auf dem berliner breitscheidplatz, bei dem menschen getötet und mehr als verletzt worden sind, sind viele fragen unbeantwortet. im kern geht es darum, warum der attentäter amri, der geradezu umstellt war von v-leuten unterschiedlicher sicherheitsbehörden, nicht rechtzeitig gestoppt werden konnte. ganz offensichtlich bestehen innerhalb der sicherheitsbehörden und bei deren zusammenarbeit untereinander eklatante abstimmungs- und vollzugsdefizite. brauchen wir deshalb aber eine neue föderalismusreform, wie es die fdp-fraktion in ihrem antrag nahelegt? würden neue, zentralisierte sicherheitsstrukturen wirklich helfen, dass unsere polizeibehörden besser arbeiten? ich habe da erhebliche zweifel, zumal die beiden letzten föderalismusreformen alles andere als eine erfolgsgeschichte waren. entscheidend ist doch wohl eher, dass die polizei die ihr vorliegenden informationen richtig bewertet sowie gefahrensituationen und verdächtige zutreffend einschätzt. auf diesem gebiet lagen doch die zentralen versäumnisse im fall von anis amri. deshalb ist es unzweifelhaft notwendig, dass wir uns gedanken machen, wie wir zu einer verbesserten arbeitsweise der sicherheitsbehörden kommen können. ich denke, dass wir vor allem eine reform der inneren strukturen und der kommunikationswege in der polizei und mit ihren partnern benötigen. am anfang einer solchen reform muss aus sicht der linken die erkenntnis stehen, dass fehler gemacht wurden, und es muss der ernsthafte wille vorhanden sein, aus diesen fehlern zu lernen. und da, meine damen und herren, bin ich doch sehr verwundert über die bei den behörden vorherrschende wagenburgmentalität, mit der wir immer wieder konfrontiert sind. es ist ein unding, dass zahlreiche sachverhalte auch zwei jahre nach dem anschlag auf dem breitscheidplatz immer noch nicht vollständig aufgeklärt sind. für die hinterbliebenen der opfer und die verletzten des anschlags ist dies ein unhaltbarer zustand. hier muss die bundesregierung endlich liefern. ich war als mitglied des parlamentarischen kontrollgremiums für die geheimdienste gestern nachmittag im bundesinnenministerium, um die beim militärischen abschirmdienst und beim bundesamt für verfassungsschutz vorliegenden akten zu möglicherweise existierenden rechtsextremen gewaltbereiten netzwerken in der bundeswehr sowie in anderen sicherheitsbehörden durchzusehen. ich selbst hatte dazu mehrfach parlamentarische anfragen gestellt, auch in der fragestunde die bundeskanzlerin damit konfrontiert. sie erklärte, davon nichts zu wissen, und der verfassungsschutz behauptete, dazu keine relevanten erkenntnisse zu haben. gestern im innenministerium kam ich in einen raum mit über aktenordnern zu diesem thema, für deren studium ich wochen, wenn nicht monate bräuchte, zumindest dann, wenn uns oppositionsfraktionen nicht die möglichkeit eingeräumt wird, dass auch unsere sicherheitsüberprüften mitarbeiter diese akten lesen und uns zuarbeiten können. aber es stellt sich natürlich grundsätzlich die frage, wie es sein kann, dass die bundesregierung seit monaten behauptet, keine kenntnis von rechtsextremen netzwerken in der bundeswehr und in anderen sicherheitsbehörden zu haben, wenn die eigenen dienste bereits tausende seiten dazu zusammengetragen haben. es ist völlig inakzeptabel, wie man hier mit dem parlament umgeht. kein zweifel, die regierung muss endlich ein deutlich stärkeres engagement bei der aufklärung an den tag legen. vor allem sollte sie nicht länger diejenigen behindern, die zum beispiel in untersuchungsausschüssen herausfinden wollen, was tatsächlich schiefgelaufen ist. es ist ein dunkles kapitel deutschen behördenversagens, das dort ans licht kommt. die bundesregierung blockiert bis heute, auch im amri-untersuchungsausschuss, wo sie kann: akten werden verweigert, seiten werden geschwärzt, und zu befragungen kommen zeugen, die nichts zu sagen haben. linke, fdp und grüne müssen vor dem bundesverfassungsgericht klagen, weil die bundesregierung sich weigert, die befragung von v-mann-führern zuzulassen. das ist mit sicherheit die falsche lehre aus den fehlern im zusammenhang mit dem attentat. die fdp-fraktion möchte, dass die zuständigkeiten zwischen den polizeibehörden des bundes und der länder neu geregelt werden. der antrag verkennt jedoch, dass diese bereits klar festgelegt sind: im bka-gesetz ist eindeutig beschrieben, in welchen fällen das bundeskriminalamt bei der strafverfolgung oder bei der gefahrenabwehr tätig wird und in welchen situationen ein selbsteintrittsrecht besteht. unser problem, meine damen und herren, ist nicht ein mangel an gesetzen; unser problem sind mängel im vollzug. an die adresse der afd gerichtet füge ich hinzu: die von ihnen geforderte bundesbehörde für gefahrenabwehr existiert bereits: das bundeskriminalamt gibt es seit . mit dem zweiten afd-antrag, der mehr ein rassistisches pamphlet als eine parlamentarische initiative ist, will ich mich eigentlich gar nicht auseinandersetzen. nur so viel: wer schützt eigentlich die bevölkerung vor den gefährdern aus ihren reihen? sie und ihre hilfstruppen sind aktuell eine der größten gefahren für die öffentliche sicherheit und den inneren frieden in diesem land. ich finde letzte bemerkung , wir müssen insgesamt zu einer sachlichen kriminalpolitik zurückfinden, in der der rechtsstaat, in der die grund- und freiheitsrechte nicht als hindernis für polizeiliche arbeit wahrgenommen werden, sondern endlich wieder als das eigentlich zu schützende gut. herzlichen dank. jetzt erteile ich das wort dem kollegen dr. konstantin von notz, bündnis /die grünen."
20,01.02.2019,ID197802000,Konstantin,von Notz,BÜNDNIS 90/DIE GRÜNEN,Konstantin von Notz,"herr präsident! meine sehr verehrten damen und herren! liebe kolleginnen und kollegen! seit jahren diskutieren wir hier über unsere föderale sicherheitsarchitektur, ohne dass es zu den dringend notwendigen reformen gekommen wäre. einige der zentralen fragen werden in der fdp-initiative sehr zutreffend angesprochen. dafür danke ich, und das finde ich gut. ich will dem missverständnis vorbeugen, dass die punkte eigentlich vom kollegen schuster sind. frau mihalic und ich bringen das seit vielen jahren hier; das lassen wir uns nicht raubkopieren, herr schuster. es geht unter anderem um die uneinheitlichen definitionen, zum beispiel zu der relevanten frage, wer eigentlich ein gefährder ist. es geht um unklare vorgaben zum daten- und informationsaustausch. es geht um das offenkundig hochproblematische fehlen verlässlicher rechtsgrundlagen in den gemeinsamen abwehrzentren. bis heute haben wir im bereich der innenpolitik eine unverbindlichkeit und auch ein kompetenzchaos, das unseren bedrohungslagen nicht gerecht wird und unsere sicherheit gefährdet. dagegen müssen wir was tun, meine damen und herren. wir haben es bei der aufklärung des anschlags auf dem breitscheidplatz gerade gestern wieder im untersuchungsausschuss erlebt bezüglich der abläufe: wie das im gtaz läuft, ist organisierte unverantwortlichkeit, und die besteht bedauerlicherweise bis heute fort. das sind die echten sicherheitslücken, meine damen und herren. auch im bereich der nachrichtendienste und ihrer parlamentarischen kontrolle ist der reformbedarf weiter extrem hoch. entsprechende, sehr konkrete vorschläge haben meine fraktion und ich hier eingebracht. doch statt diese probleme anzugehen, hat die große koalition die letzten jahre scheindiskussionen geführt: über die fußfessel, über die burka, über die chimäre der sicheren herkunftsstaaten. die große koalition ist offenkundig nicht in der lage oder nicht willens, diese probleme zu lösen, und diese analyse der fdp teilen wir durchaus, meine damen und herren. aber etwas mehr inhaltliche substanz, lieber und geschätzter herr kollege strasser, hätte ihrem antrag gutgetan. nehmen sie die forderung zum trennungsgebot: da heißt es schlicht, die kommission solle regeln für das trennungsgebot zwischen polizei und nachrichtendiensten erarbeiten, mit denen die balance zwischen freiheit und sicherheit … gewahrt wird … aha! das sind spannende und rechtliche fragen. aber sie bleiben jede konkretisierung, wie das funktionieren könnte, leider schuldig. dazu kommt, dass die hälfte ihres forderungskataloges das ist eigentlich der hammer formalitäten bezüglich der kommissionszusammensetzung, wer da was bezahlen soll und so, enthält. das ist leider etwas dünn, meine damen und herren. auch konnten sie der versuchung nicht widerstehen, horst seehofer hinterherzuschleichen bezüglich der neuen zuständigkeit für die abschiebung von gefährdern wenig konkret, wenig liberal. um es kurz zu machen: sie sprechen drängende probleme an und finden mit der begrifflichkeit föderalismuskommission iii auch eine hübsche überschrift, aber es ist eben etwas zu dünn. statt nach kommissionen des koalitionsvertrages der groko kommissionen! jetzt noch eine . hinzuzufügen, lassen sie uns konkret hier im parlament die dinge umsetzen. ganz herzlichen dank. nächste rednerin ist die kollegin andrea lindholz, cdu/csu."
21,01.02.2019,ID197802100,Andrea,Lindholz,CDU/CSU,Andrea Lindholz,"sehr geehrter herr präsident! meine sehr geehrten damen und herren! liebe kolleginnen und kollegen! liebe fdp, lieber herr kollege strasser, es ist gut und richtig, dass wir uns in diesem haus über die sicherheitsarchitektur in deutschland unterhalten. ihr antrag trägt dazu bei, dass wir dies auch heute morgen tun. ob allerdings dann am ende die einrichtung einer kommission stehen muss, daran habe auch ich meine zweifel. warum? grundsätzlich ist es richtig, dass wir in deutschland einen föderalen rechtsstaat haben, der bei der inneren sicherheit die verantwortung vorrangig bei den ländern ansiedelt. um die äußere sicherheit hat sich nach unserer verfassung der bund zu kümmern. im zusammenhang mit organisierter kriminalität, extremismus und terrorismus macht diese klassische trennung nicht immer sinn, und sie wird zunehmend schwieriger; kleine bundesländer sind überfordert. insofern ist es richtig, dass wir uns hier immer wieder die frage stellen: wie können wir uns besser vernetzen, und wo kann der bund auch mehr verantwortung übernehmen? auch europa bringt viele neue herausforderungen und erfordert, dass wir über landesgrenzen hinausdenken. diese diskussionen werden daher zu recht seit vielen jahren geführt, und es hat sich auch vieles verändert. ob es allerdings sinnvoll ist, eine weitere kommission einzusetzen, so wie sie es in ihrem antrag fordern? das ist, glaube ich, der verkehrte weg. wir hatten die werthebach-kommission, aus der der eine oder andere vorschlag übernommen worden ist, aber eben nicht alles. wir hatten eine regierungskommission zur überprüfung der sicherheitsgesetzgebung in deutschland, gemeinsam von union und fdp eingesetzt. auch hier ist man nicht zufrieden damit, dass grundsätzliche dinge nicht umgesetzt wurden. und warum ist das so? weil man immer wieder auf die zuständigkeiten des bundes bzw. der länder stößt, aber auch von behörden untereinander. lieber herr kollege strasser, sie sitzen ja im untersuchungsausschuss zum anschlag am breitscheidplatz. thomas de mazière hatte danach weitreichende reformvorschläge vorgelegt; wir haben das heute morgen schon gehört. allein wenn man nur die überlegung anstellt: wie ist das eigentlich mit unseren verfassungsschutzämtern, übernimmt der bund hier mehr verantwortung, bis hin zur vollständigen auflösung einzelner landesämter für verfassungsschutz? , erlebt man sofort einen großen aufschrei: das geht von extrem , auflösung der landesämter, bis hin zu weniger extrem , mehr verantwortung des bundes. das heißt: was soll eine kommission erreichen? ich könnte ihnen noch zahlreiche weitere beispiele nennen, wo es eine reflexartige ablehnung gibt, wenn bund und länder ihre zuständigkeiten verändern. also brauchen wir doch zunächst mal das ist wichtig einen konsens bei den behörden, bis hin zu mitarbeitern bei den ländern und dem bund und auch in der breiten politik, welche maßnahmen hier überhaupt gewünscht sind. ich will gar nichts schieben. ich meine, es ist unsere aufgabe konstantin von notz hat es vorhin auch gesagt , zum beispiel auch beim trennungsgebot entscheidungen zu treffen: wollen wir das auflösen? wollen wir das verändern? in welcher art und weise? genau darum geht es auch bei der frage, ob man zum beispiel beim verfassungsschutz etwas ändern will. wir können einseitig eine kommission beschließen und sagen: die länder sollen sich daran beteiligen. wenn aber überhaupt keine bereitschaft da ist, dann muss ich mir die frage stellen: was soll so eine kommission uns dann eigentlich bringen? das heißt, ein gremium macht nur dann sinn, wenn es aus den ländern heraus von den ministerpräsidenten, von den innenministerkonferenzen anstöße gibt und wenn die politik im bundestag und zwar breit, nicht nur so, wie ich es heute morgen erlebe: ein ständiges aufeinandereinschlagen der auffassung ist, dass ein breiter konsens über die notwendigen veränderungen herrscht. wenn ich mir als bürger das heute hier anschaute, dann würde ich mir tatsächlich die frage stellen: was ist denn mit unserer sicherheitsarchitektur? ist die gut? ist die schlecht? sind wir überhaupt sicher? und herr hess hat sogar die frage der sicherheitsarchitektur heute morgen einzig auf die themen gefährder und grenze verengt; dabei wissen sie, herr hess, doch genau, dass das thema viel, viel umfangreicher ist. da würde ich mir auch von ihnen wünschen, dass sie ihren blickwinkel mal etwas über die frage der grenzöffnung hinaus ausweiten. wir haben im gutachten von professor wolff, das sie, herr kollege strasser, sicherlich auch kennen, weil sie im ausschuss sitzen, dargelegt bekommen, wie viele gesetzesänderungen es vom jahr an bis gegeben hat. er hat die reformen wunderbar aufgelistet: beim bka-gesetz, beim verfassungsschutzgesetz, beim bnd-gesetz. und die reform polizei das steht nicht im gutachten; das sage ich jetzt wurde in gang gesetzt. es ist so unglaublich viel passiert. da ist es die aufgabe, sich zuvorderst zu fragen: was haben wir in den letzten zehn jahren alles getan? was hat sich positiv weiterentwickelt? das alles kann man prima aus diesem gutachten herauslesen , dann eine bestandsaufnahme zu machen und zu sagen, wo es tatsächlich noch dinge gibt, die wir verändern wollen, und zwar mit einem breiten gesellschaftlichen konsens. dazu gehört es am ende im übrigen auch, mitarbeiterinnen und mitarbeiter in den behörden, die davon betroffen sein würden, mitzunehmen. wir haben den etat des innenministeriums in den letzten fünf jahren in einem unglaublichen ausmaße erhöht. wir haben neue stellen geschaffen bzw. bewilligt. das alles muss man erst mal bewerten; erst dann kann man sagen, was hier zum schluss tatsächlich noch geändert werden muss. wir haben ja eine lücke, und das ist die schnittstelle, die verknüpfung zwischen bund und ländern; wir brauchen da eine bessere vernetzung. hier haben wir einen echten bedarf. das sehen wir auch an den vielen gemeinsamen zentren, die eingerichtet worden sind, wie zum beispiel dem gtaz. hier müssen wir noch besser werden. ich glaube, darauf müssen wir uns konzentrieren. insofern, herr strasser, freue ich mich auf die debatte. aber ich wünsche mir tatsächlich von allen bei der sicherheitsarchitektur einen breiteren konsens, als ich ihn heute morgen hier erlebe. vielen dank. nächster redner ist der kollege konstantin kuhle, fdp:"
22,01.02.2019,ID197802200,Konstantin,Kuhle,FDP,Konstantin Kuhle,"herr präsident! meine damen und herren! es gehört zu den wichtigsten aufgaben des staates, die sicherheit der bürgerinnen und bürger zu schützen. aber leider zeigen uns schreckliche ereignisse wie der terroristische anschlag am berliner breitscheidplatz, dass es dem deutschen staat nicht immer gelingt, die sicherheit der menschen zu gewährleisten. das muss uns zum nachdenken bringen, vor allen dingen angesichts der tatsache, dass alle islamistischen attentäter der letzten jahre in deutschland und europa den sicherheitsbehörden längst bekannt gewesen sind. deswegen wird die fdp nicht müde werden, in diesem haus darauf hinzuweisen: wir brauchen keine neuen überwachungsmaßnahmen, keine neuen einschnitte in die privatsphäre und in die informationelle selbstbestimmung, sondern eine strukturelle reform bei den aufgaben der sicherheitsbehörden und der datenweitergabe. da muss was passieren, und da machen wir ihnen heute ein angebot. wir machen ihnen heute ein angebot für eine föderalismuskommission iii. ich hätte mich ja schon gefreut, lieber kollege hartmann, wenn auch die spd da mitmachte. ich könnte jetzt auf ihre rede erwidern, indem ich darüber spreche, was für ein segen für die innere sicherheit in nordrhein-westfalen es ist, dass ralf jäger nicht mehr innenminister ist. ich lasse das aber, weil ich glaube, dass unsere polizeibeamtinnen und polizeibeamten und auch die menschen in unserem land es erwarten, dass wir vor der nächsten gefährdungslage, vor dem nächsten anschlag mal darüber sprechen, wie die sicherheitsarchitektur verbessert werden kann, und nicht immer nur im nachhinein. armin schuster macht ja gute vorschläge; so hat er zum beispiel im nachgang zu dem, was in straßburg passiert ist, vorgeschlagen, eine europäische antiterrordatei zu schaffen. aber wie wollen wir denn eine europäische antiterrordatei schaffen, in der daten weitergegeben werden, wenn deutschland nicht mal seine eigenen hausaufgaben macht, wenn nicht mal in deutschland klar geregelt ist, dass es ein trennungsgebot gibt und wann es ausnahmen davon gibt und wann welche daten weitergegeben werden können? deutschland muss auf europäischer ebene auch klar sagen, was es will bei einer europäischen antiterrordatei. und deswegen ist die vorgeschlagene föderalismuskommission iii auch eine vorbereitung für eine bessere antiterrorarbeit auf europäischer ebene, meine damen und herren. lieber kollege von notz, lieber kollege schuster, ich würde gerne hier im parlament darüber sprechen, wie wir das ohne eine solche kommission machen können. jedoch frage ich mich schon, warum kein einziger vertreter des bundesrates oder der länder hier anwesend ist, wo wir doch über die frage des föderalismus und der föderalen sicherheitsarchitektur sprechen. das kann doch wohl nicht wahr sein. da brauchen wir doch neue dialogformate; man kann das nicht einfach so abtun. und wenn sie es mir und der fdp nicht glauben, dann glauben sie es vielleicht lorenz caffier, dem innenminister von mecklenburg-vorpommern, der in einem anderen wichtigen bereich, nämlich der bekämpfung des rechtsextremismus, über die zusammenarbeit von bund und ländern angesichts der beobachtung der afd durch den verfassungsschutz folgendes am . januar gegenüber dem redaktionsnetzwerk deutschland sagt ich zitiere : die länder sind nicht die sklaven des bfv des bundesamtes für verfassungsschutz , die material zusammensuchen und anschließend in die röhre schauen. wir sind ein verbund und keine einbahnstraße. außerdem beschwert er sich darüber, von der beobachtung nur aus der presse erfahren zu haben. wenn es noch irgendeines beweises bedurft hätte, dass bei der zusammenarbeit von bund und ländern im sicherheitsbereich der wurm drin ist: dieses zitat hätte den beweis erbracht. stimmen sie unserem antrag zu! und lassen sie uns eine föderalismusreform iii auf den weg bringen! vielen dank. das wort hat helge lindh für die spd-fraktion."
23,01.02.2019,ID197802300,Helge,Lindh,SPD,Helge Lindh,"frau präsidentin! liebe kolleginnen! liebe kollegen! werte kollegen, bitte verzeihen sie mir das, was ich jetzt sage es ist auch sehr wertschätzend gemeint , aber bei einigen vorträgen von kollegen aus unterschiedlichen fraktionen bekam ich den eindruck, dass es doch argumente dafür gibt, dass die politik weiblicher werden muss. denn viele haben hier eben das erklärt, was sie schon immer gewusst haben bzw. dass sie eigentlich die idee hatten, es immer schon besser wussten und es gut gewesen wäre, wenn man bloß auf sie gehört hätte. ich glaube, es geht doch um die frage der sicherheit dieses landes und nicht darum, wer wann welche idee hat und wie furchtbar die anderen waren. es geht, denke ich, auch nicht darum, die ausführungen von herrn hess betrachtend, zu sagen, dass wir kurz vor der apokalypse stehen. ich glaube nicht an die methode, ängste damit zu bekämpfen, dass man dieses land möglichst unsicher zeichnet. aber das ist ja auch gar nicht die strategie. die strategie ist, ängste zu schüren, aber das land kein bisschen sicherer zu machen. ich halte das für eine perfide methode. herr strasser, sie meinten ja am anfang ihrer rede, die föderale struktur stamme aus einem land vor unserer zeit. ich habe eine andere these. ich würde behaupten, das ist das land unserer zeit. denn diese föderale struktur ist aus den folgen des nationalsozialismus erwachsen. es gibt gute gründe, auch rechtspolitische und innenpolitische, für eine hoheitliche teilung der gewalten auf horizontaler ebene zwischen ländern und bund, auch in erinnerung dessen, dass wir in diesem land einmal eine zentralisierung und eine geheime staatspolizei hatten, mit all den dramatischen folgen, die wir kennen. es gilt also, durchaus in wertschätzender und akzeptierender weise über den föderalismus zu sprechen und ihn nicht als etwas anachronistisches abzutun. ich teile durchaus einige ihrer kritischen beobachtungen. aber in der form, in der sie diese vortragen, ist das überall nur ein bisschen: ein bisschen wahr, ein bisschen falsch. und immer ein bisschen ist eben ein bisschen zu wenig. sie können ja mit einer kurzintervention ihre redezeit erweitern. das ganze soll dann auch noch in form einer kommission erfolgen. die kommission erledigt nicht die aufgabe, konkrete fragen zu adressieren. es wäre doch vielleicht gut, wenn wir einmal angucken, welche dynamik und fülle von gesetzgebung es in den letzten jahren gab: es geht immer weiter. es ist eine form des alarmismus, gleichzeitig verbunden mit verzögerungstaktik, wenn wir weitere kommissionen gründen, anstatt mal etwas ganz simples, fast schon naives zu tun: nämlich die bestehenden gesetze umzusetzen und uns anzugucken, wie sie funktionieren. wie wäre dieser ansatz? sie selber haben doch aufgezählt, welche verschiedenen einrichtungen wir haben: gtaz, getz, gasim usw. das ist doch schon komplex genug. warum wollen wir noch eine meta-struktur und eine meta-meta-struktur machen, um uns anzugucken, wie die strukturen funktionieren? ich bin davon nicht überzeugt. weiterhin scheint es mir auch nicht zwingend sinnvoll, dass wir wiederum eine kommission einsetzen und die gesamte struktur in einer situation entwickeln, in der tatsächlich gefährdungen der sicherheit bestehen, wir jedoch andererseits dabei sind, die personalsituation zu konsolidieren, personalaufwuchs zu betreiben. in so einer situation, in der es darauf ankommt kollege hartmann hat es erwähnt , personal zu stärken, unser bka zu stärken, den verfassungsschutz personell zu stärken, die bundespolizei zu stärken, halten wir dies letztlich auf, indem wir wieder eine strukturdebatte führen und nicht konkret die fragen angehen. ich verwies gerade auf historisches denken. in den -jahren, danach auch noch im nachwirken großer und damals noch liberal wirkender liberaler, gab es extreme herausforderungen durch linksextreme gewalt. genau in dieser zeit führte man aber auch debatten zu einer liberalisierung der kriminalpolitik, fragte man sich zum beispiel: was machen wir mit menschen, die inhaftiert waren und wieder freikommen? wie resozialisieren wir sie? gerade das ist auch eine frage im zusammenhang mit extremismus. es kommt nämlich völlig zu kurz in ihrem ansatz: was ist mit prävention? was sind die ursachen des extremismus? es reicht doch nicht, dass wir eine kommission einrichten und uns gut dabei fühlen, zu kritisieren, wie furchtbar alle sicherheitsbehörden arbeiten. es wäre, glaube ich, viel sinnvoller, im sinne eines ganz altmodischen, aber genauso radikal modernen vorschlags dafür zu sorgen, dass überall, in allen gemeinden, wieder der polizist, die polizistin vor ort ist und auch wieder im traditionellen sinne eine gemeindeschwester oder ein gemeindebruder, also jemand, der sich um das soziale kümmert, sich austauscht und im gespräch mit beratungsstellen ist. die sicherheit vor ort ist entscheidend und nicht abstrakte debatten, die wir hier führen. der aspekt der prävention kommt aber viel zu kurz. öffentliche sicherheit ist eben nur dann gegeben, wenn wir nicht privatisierung, zum beispiel an flughäfen, tür und tor öffnen. sicherheit im privaten können sich nur reiche leisten. aber einen starken rechtsstaat brauchen gerade diejenigen, die sich das nicht leisten können. wir wollen eben nicht das recht des stärkeren in diesem staat, sondern einen funktionierenden rechtsstaat. insofern dürfen wir mit solchen strukturreformdebatten innenpolitik nicht isoliert betrachten, sondern wir müssen uns um die konkreten verbesserungen vor ort und die stärkung der beamtinnen und beamten kümmern. abschließend erlaube ich mir, noch etwas zu den ja hier heute auch zu debattierenden anträgen der afd-fraktion zu sagen. um die details ging es schon in der ersten beratung; das brauche ich nicht zu wiederholen. vieles ist dabei nicht verfassungsgemäß. die verhältnismäßigkeit wird nicht eingehalten, das übermaßgebot vielfach gebrochen. aber eine entscheidende frage haben sie überhaupt nicht beantwortet: sie richten den fokus immer auf gefährder, sie richten ihn aber nicht auf zweifelhafte und verfassungsferne kräfte in den eigenen reihen, und sie geben keine antworten auf die gefährdung von deutschen durch deutsche und auf die gefährdung von ausländischen bürgern durch deutsche, zum beispiel in sachen nsu. das war ein ganz extremer rassismus, extremismus und terrorismus in diesem land, der längst nicht aufgearbeitet ist. deshalb würde ich mir wünschen, dass sie auch zu diesen themen einmal entsprechend substanziellere anträge schreiben würden. ich danke ihnen für die aufmerksamkeit. das wort hat dr. irene mihalic für die fraktion bündnis /die grünen."
24,01.02.2019,ID197802400,Irene,Mihalic,BÜNDNIS 90/DIE GRÜNEN,Irene Mihalic,"sehr geehrte frau präsidentin! liebe kolleginnen und kollegen! herr lindh, wenn sie sich einen funktionierenden rechtsstaat wünschen, dann kommen wir an den für sie langweiligen strukturdebatten nun mal nicht vorbei. denn die placebogesetze, die sie hier reihenweise mit der union auf den weg bringen, lösen die realen probleme unserer sicherheitsarchitektur nicht. insofern sind wir uns, was das ziel ihres antrags betrifft, herr strasser, herr kuhle, im kern auch einig, nämlich dass wir dringend eine reform der sicherheitsarchitektur brauchen. allein in der letzten wahlperiode hatten wir hier im bundestag drei parlamentarische untersuchungsausschüsse, die sich mit den aufgaben bzw. mit der funktionsweise der sicherheitsbehörden befassen mussten. das allein zeigt doch schon, wo im kern die probleme liegen und dass wir sie dringend angehen müssen. aufgaben und kompetenzen von sicherheitsbehörden müssen dringend neu aufeinander bezogen und natürlich voneinander abgegrenzt sowie auch in unserem föderalen system neu geordnet werden. aber, liebe fdp, vorschläge dazu liegen bereits seit jahren auf dem tisch, und die hätten wir auch schon komplett umsetzen können. sie haben die probleme beim gtaz, dem gemeinsamen terrorabwehrzentrum, angesprochen, auch die bei den anderen gemeinsamen zentren. da brauchen wir selbstverständlich eine gesetzliche grundlage, aber dafür brauchen wir keine kommission. das können wir hier sofort machen. es gibt drei bereiche, um die wir uns kümmern müssen, wenn es uns um eine funktionierende sicherheitsarchitektur geht. der erste bereich betrifft den analysefaktor. da brauchen wir dringend mehr wissenschaftlichkeit. meine fraktion hat einen gesetzentwurf zur einführung eines periodischen sicherheitsberichts auf den weg gebracht. demnächst findet dazu im ausschuss eine anhörung statt. damit schaffen wir schon einmal die grundlagen. der zweite bereich, um den wir uns kümmern müssen, ist der bereich des gefahrenvorfelds. da sind natürlich in erster linie die nachrichtendienste gefragt, aber auch der gesamte bereich der radikalisierungsprävention. das fehlt leider völlig in ihrem antrag. dabei beklagen wir da seit jahren einen wirklich dysfunktionalen flickenteppich, der dringend überwunden werden muss. der dritte bereich hier wird ja immer über die umsetzung von gesetzen gesprochen ist der bereich der konkreten gefahrenabwehr und der strafverfolgung. natürlich mangelt es da auch an einem guten vollzug der gesetze. sie haben ja auch die mangelnde kommunikation zwischen den sicherheitsbehörden und den verschiedenen ebenen angesprochen. ich stimme ihnen überall zu. woran es aber fehlt in ihrem antrag und was wir dringend brauchen, sind gemeinsame standards zwischen bund und ländern, was zum beispiel den personalbereich, die ausbildung, aber auch die ausstattung angeht. das kann man auch ganz konkret miteinander vereinbaren. da gibt es verwaltungsvereinbarungen, die man zum beispiel aufschreiben kann und durch die man ganz konkret zu verbesserungen kommen kann. das wäre aus unserer sicht auch zwingend notwendig. bevor wir ihrem vorschlag folgen und eine kommission einsetzen, müssen wir uns doch hier erst mal auf bundesebene darauf verständigen, was wir eigentlich wollen und worüber wir uns mit den ländern ganz konkret ins benehmen setzen wollen. wie gesagt: die vorschläge, was man an unserer sicherheitsarchitektur konkret verändern muss, liegen seit jahren auf dem tisch, auch dazu, was wir hier im haus konkret miteinander beschließen könnten. diese schritte gilt es jetzt auf den weg zu bringen. wir brauchen eine sicherheitsarchitektur, die hält, was sie verspricht, und die vor allen dingen so aufgebaut ist, dass man sie auch reformieren kann, ohne dass die gefahr besteht, dass das kartenhaus jederzeit einstürzt. ich danke für ihre aufmerksamkeit. das wort hat der kollege marian wendt für die cdu/csu-fraktion."
25,01.02.2019,ID197802500,Marian,Wendt,CDU/CSU,Marian Wendt,"frau präsidentin! liebe kolleginnen und kollegen! der antrag der fdp enthält viele sinnvolle ansätze. wir haben uns in dieser debatte bereits eingehend dazu ausgetauscht. ich finde es gut, dass unsere föderal aufgebaute sicherheitsarchitektur verbessert werden soll. ehrlich gesagt, ich hätte mich gefreut, wenn wir auf dieser basis eine koalition eingegangen wären. leider haben sie sich ja gegen eine regierungsbeteiligung entschieden. ja, daran müssen wir ab und zu mal erinnern; denn ich finde es immer besser, zu regieren, als nur zu nörgeln. ich sage ihnen auch ehrlich: im bereich der inneren sicherheit haben sie aus meiner sicht als partei eine positive entwicklung vollzogen. sie sind weg vom misstrauen gegenüber den sicherheitsbehörden, das sie in den - und -jahren wirklich mantrahaft vorgetragen haben. nun liegen wir sachlich beieinander. aber, wie bereits erwähnt, wollen sie lieber serviceopposition sein, statt verantwortung für unser land zu tragen. aber nun konkret zum thema. wie wir heute wissen, auch aufgrund des untersuchungsausschusses der letzten wahlperiode, konnte der attentäter vom breitscheidplatz, anis amri, mit seinen identitäten nur unerkannt agieren, weil mehrere behörden von bund, ländern und kommunen nach- und nebeneinander zuständig waren. dieses zuständigkeitswirrwarr muss endlich aufhören. wir arbeiten daran, und ich denke, wir sind uns alle einig, dass das beendet werden muss. am ende war es bei amri doch so, dass jede verfassungsschutzbehörde und jede einzelne polizeibehörde im jeweiligen bundesland froh war, wenn er mal wieder umgezogen war. jeder fragte doch zunächst: bin ich überhaupt noch zuständig? das ist die allererste frage eines verwaltungsbeamten, bevor er eine akte überhaupt anfasst. die bekämpfung des modernen terrorismus kann aus meiner sicht und aus sicht der cdu/csu-fraktion nur bei klaren zuständigkeiten in den entsprechenden behörden und mit einem abgestimmten datenaustauschverfahren gelingen. den austausch von daten sehe ich bisher ungenügend gelöst. wir haben mit dem datenaustauschverbesserungsgesetz eine voraussetzung geschaffen, um insbesondere bei asylbewerbern und damit teilweise auch bei gefährdern zu klaren identitätsstrukturen zu kommen. aber wir müssen dort noch besser werden. ich erinnere hier es gibt natürlich auch deutsche terroristen an eine einheitliche datenbank alleine für deutsche einwohner. das mag banal klingen; aber wenn ich als staat nicht einmal bundesweit weiß, wo meine einwohner wohnen und wie ich auf sie zugriff habe, und ich das über länderzuständigkeiten regeln muss, dann habe ich ernste probleme. ich denke, zum zweiten müssen wir uns klar über das thema trennungsgebot unterhalten. ich halte dieses historisch begründete trennungsgebot, das sich aufgrund unserer geschichte so entwickelt hat das ist nicht in unserer verfassung festgeschrieben, sondern aufgrund unserer geschichte nur einfachgesetzlich geregelt , für nicht mehr zeitgemäß. informationen, die der verfassungsschutz hat, soll er mit den polizeibehörden teilen können und umgekehrt. es ist für keinen bürger verständlich, dass daten, informationen, die staatliche behörden vorhalten, nicht miteinander geteilt werden dürfen. diese informationen müssen allen zur verfügung stehen. das stärkt die innere sicherheit in unserem land. wie gesagt, es braucht eine enge zusammenarbeit zwischen den sicherheitsbehörden. wir müssen aufhören mit den alten erbhöfen und mit abgrenzungen, wenn es darum geht, wer für was zuständig ist. denn ich glaube und bin der festen überzeugung, dass es dem bürger vollkommen egal ist, welche behörde zuständig ist. der bürger fragt am ende des tages uns abgeordnete: löst du den fall? organisierst du, dass es weniger straftäter gibt, dass die gefährdungslage sinkt, ja oder nein? wie das geschieht ob mit europa, der kommune, dem land oder dem bund und wie die behörde heißt, ist dem bürger vollkommen egal. das verstehe ich auch. unsere aufgabe ist es, dafür zu sorgen, dass die probleme gelöst werden, dass die menschen sich in deutschland gut und sicher fühlen und dass es vor allen dingen zu keinen anschlägen mehr kommt. wir als unionsfraktion stehen dafür bereit, uns konstruktiv und zügig in diesen dialog einzubringen. die entsprechenden vorschläge liegen alle auf dem tisch. da brauchen wir auch keine umfangreichen kommissionen mehr. es braucht nun taten und entscheidungen. wir sind dafür bereit. ich hoffe, sie auch. vielen dank. ebenfalls für die cdu/csu-fraktion hat nun philipp amthor das wort."
26,01.02.2019,ID197802600,Philipp,Amthor,CDU/CSU,Philipp Amthor,"frau präsidentin! liebe kolleginnen und kollegen! ich muss doch sagen: ich bin ein bisschen erstaunt, weil ich jetzt das zweite mal in dieser sitzungswoche hier stehe und sage: die fdp hat einen ganz guten antrag vorgelegt. da findet jetzt anscheinend wirklich eine umorientierung von der serviceopposition zum nachdenken über regierungsverantwortung statt. ich bin wirklich begeistert. aber man sollte immer dazusagen: der ausgangspunkt ist sicherlich richtig. wir sehen natürlich das haben auch die redner aller fraktionen betont , dass die größten herausforderungen für unseren rechtsstaat der terrorismus, die gefahren aus dem cyberraum keine rücksicht nehmen auf die grenzen von ländern und erst recht nicht auf die grenzen von bundesländern. deswegen ist es auch notwendig, dass wir uns für ein update unserer sicherheitsbehörden und unserer sicherheitsstrukturen entscheiden. klatschen sie nicht zu früh, herr strasser. es geht aber nicht nur um zuständigkeiten; es geht auch um befugnisse. und da muss ich mich dann doch ein bisschen darüber wundern, dass jetzt so etwas schlaues und sachdienliches von der fdp kommt. denn beim thema befugnisse sind unsere sicherheitsbehörden wirklich mit ihren fähigkeiten auf der höhe der zeit. bezüglich dieses punktes muss ich feststellen, dass die fdp in ländern wie bayern, wo die csu mit dem bayerischen polizeiaufgabengesetz die richtigen akzente gesetzt hat, hand in hand mit der antifa linke fake news verbreitet. das, muss man sagen, ist sicherlich nicht die beste einstellung zur sicherheitsarchitektur. sie hetzen gegen die vorratsdatenspeicherung, und sie verunglimpfen die onlinedurchsuchung als staatstrojaner. das ist alles kein beitrag zur sicherheitsarchitektur. bei befugnissen ist mit der fdp im moment noch nicht viel zu retten; aber vielleicht gibt es da auch besserung. aber beim thema zuständigkeiten das muss man sagen sprechen sie gute punkte an. wenn wir über das gemeinsame terrorismusabwehrzentrum, das gtaz, reden, dann ist es ja durchaus diskutabel, zu fragen: braucht man eine gesetzliche grundlage? aber ich sage: wenn man über gesetzliche grundlagen redet, muss man sich auch bewusst sein stichwort: gesetzesvorbehalt , dass man nur dann ein gesetz braucht, wenn damit auch eingriffsbefugnisse korrespondieren. diese hat das gtaz im moment nicht. wenn sie uns jetzt vorschlagen wollen, dass wir dort mehr führung bekommen sollen, dann ist es etwas, worüber wir diskutieren können. das, was armin schuster immer wieder gesagt hat führungsrolle des generalbundesanwalts, zum beispiel im gtaz , sind punkte, über die wir diskutieren können. ich will deutlich sagen: wenn man über zuständigkeiten redet, muss es auch um die frage gehen, ob man wirklich für die sicherheit in unserem land ist. da werden wir jenseits von irgendwelchen kommissionen vielleicht in dieser legislaturperiode schon vor der frage stehen, wer hier lippenbekenntnisse abgibt und wer sich wirklich zu zuständigkeitsanpassungen bekennt. denn im bereich der cyberabwehr ist es notwendig, dass wir unsere behörden auf einen stand bringen, damit sie gleichwertige befugnisse sowohl in der digitalen als auch in der analogen welt haben. wir reden darüber, dass wir bei hinreichender gefahr schon heute in der analogen welt in wohnungen eindringen können, um gefahren abzuwenden, und dass wir dinge beschlagnahmen und nötigenfalls zerstören können. ich glaube, diese befugnisse brauchen wir auch im digitalen raum, im cyberraum. dafür werden wir uns die verfassung genau anschauen müssen. dafür werden wir auch über eine verfassungsänderung nachdenken müssen. dann kann sich jeder, der sich hier mit lippenbekenntnissen hervortut, auch tatsächlich dazu bekennen. denn dann geht es darum, wie wir wirklich wehrfähig und wehrhaft werden. das wäre das beste. ich kann sagen: über die fragen, die sie anstoßen, werden wir reden. dafür brauchen wir keine kommission all-inclusive im innenausschuss. dafür braucht man nicht unbedingt eine serviceopposition; das kann auch eine serviceregierungsfraktion. das sind wir für die sicherheit in unserem land. herzlichen dank."
27,01.02.2019,ID197802700,Axel,Schäfer,SPD,Axel Schäfer,"frau präsidentin! liebe kolleginnen und kollegen! wir diskutieren heute über das arbeitsprogramm der eu-kommission ; aber wir bewerten auch politisch die arbeit der kommission seit . das ist aus folgenden gründen so wichtig: diese kommission mit dem kommissionspräsidenten juncker ist nur ins amt gekommen, weil sich im europäischen parlament dort wurde sie nach einer investitur gewählt sowohl christdemokraten, christsoziale, sozialdemokraten, liberale und grüne als auch die meisten linken nach der wahl an das gehalten haben, was sie vor der wahl den wählerinnen und wählern versprochen haben, nämlich: der kommissionspräsident wird aus der mitte des europäischen parlaments von den abgeordneten gewählt. er wird also nicht von den staats- und regierungschefs oktroyiert. das ist ein wichtiger demokratischer fortschritt. wir im bundestag sollten stolz darauf sein, dass wir das parlamentarisch und in unseren parteifamilien an entscheidender stelle mit vorangebracht, befördert und auch umgesetzt haben. deshalb ist die heutige diskussion so wichtig. auf der einen seite muss der deutsche bundestag in der europapolitik natürlich seine eigene regierung kontrollieren, unterstützen, manchmal korrigieren, befördern; auf der anderen seite handeln wir aber auch in solidarischer zusammenarbeit mit unseren kolleginnen und kollegen im europäischen parlament. das ist gut, da wir beim miteinanderarbeiten auch voneinander lernen. das, was wir hier machen, könnte man bei bestimmten regierungsdiskussionen natürlich auch auf die nationale ebene übertragen. könnte! man sollte aber auf alle fälle vom europäischen parlament und aus der debatte mit der kommission lernen, dass auch unsere ausschüsse hier im bundestag öffentlich tagen sollten; das ist in europa der fall. man könnte zum beispiel auch die parlamentarische informationspflicht man könnte sagen: rechenschaftspflicht einführen, wie sie der präsident der europäischen zentralbank gegenüber dem europäischen parlament hat. das wäre für uns im bundestag so etwas wie eine revolution, wenn herr weidmann alle vierteljahre kommen müsste und sich unserer diskussion hier stellen müsste. ich rege an, dass wir nicht nur über bestimmte dinge in der europäischen union reden, sondern miteinander schauen, wie wir hier demokratisch mit unseren eigenen europapolitischen strukturen besser vorankommen. das arbeitsprogramm der kommission hatte ja eine außergewöhnliche bandbreite. wir wissen, dass die umsetzung nicht nur von dem willen und den möglichkeiten des parlamentes abhängt, sondern auch mit den nationalen regierungen zu tun hat. da sehen wir zum beispiel bei einem der themen, nämlich beim thema migration, dass die schwierigkeiten an den nationalen regierungen und auch an einer reihe von parteikonstellationen gelegen haben. wir wissen auch, dass die zehn punkte, die jean-claude juncker avisiert hat, am ende dieser legislaturperiode eben nicht in gänze umgesetzt worden sind, dass es bei diesen punkten angesichts ihrer bandbreite von innovationen, arbeitsplätzen, gerechtigkeit, digitalisierung bis hin zur rolle europas in der welt noch sehr viele lücken gibt. aber wir müssen auch deutlich machen, was uns als sozialdemokratinnen und sozialdemokraten besonders fehlt, und das ist die soziale säule. da ist entschieden zu wenig gemacht worden. das gilt auch für das thema nachhaltigkeit. vor allen dingen fehlt es aber an mut, beim thema steuergerechtigkeit voranzugehen. für das gemeinsame europa, aber auch für das empfinden der bürgerinnen und bürger ist es so wichtig, dass es hier vorangeht. da ist europa ein wichtiger handlungsrahmen. deshalb sollten wir hier im bundestag und sollte auch die koalition genau da am ball bleiben. liebe kolleginnen und kollegen, wenn wir über die kommission und unsere positionierung als parlament reden, müssen wir natürlich auch über unsere eigenen grundlagen sprechen. ich will deshalb an dieser stelle daran erinnern, dass man im koalitionsvertrag von spd, cdu und csu das thema europa auf platz eins gesetzt hat. das zeigt, dass wir sowohl erkannt haben, wie wichtig diese handlungsebene ist, als auch, dass wir uns selbst verpflichtet haben, dort initiativ zu werden, was ja auch heißt, besser zu werden. das betrifft die großen kapitel, nämlich demokratie und solidarität, innovation und wettbewerbsfähigkeit, chancen und gerechtigkeit und natürlich auch die stärkung des zusammenhaltes der eu und ihrer rolle in dieser welt. ich halte es deshalb für wichtig, dass wir auch in unserer nationalen gesetzgebung immer den blick auf das richten, was europäisch möglich wie notwendig ist. wir müssen das mit überzeugung immer wieder tun und auch hier kundtun, dass unser wichtigstes interesse als deutsche die europäische einigung ist und dass es uns nur dann gut gehen kann, wenn es unseren nachbarn nicht schlecht geht. liebe kolleginnen und kollegen, ich habe über die letzte europawahl geredet. lasst uns jetzt über die nächste europawahl reden, aber über den . mai, nicht über den . mai. ich gucke gerade auf den kollegen link von der fdp. es gab unabhängig voneinander schon vor über zehn jahren eine initiative der beiden fraktionen der spd und der fdp, die gesagt haben: wir wollen nach der europawahl den kandidaten oder die kandidatin für das amt eines kommissars, der oder die aus deutschland dem europäischen parlament präsentiert wird, vorher hier im parlament hören, anhören, mit ihm oder ihr diskutieren. man muss richtung cdu/csu sagen: ja, der kollege oettinger wurde insbesondere von der spd überzeugt, das zu machen. er hat sich als einer der wenigen kommissare in der eu dem nationalen parlament gestellt. er hat das fünf jahre später wieder gemacht, sogar in einer öffentlichen debatte. ich möchte für meine fraktion erklären: genau das werden wir nach dem . mai auch machen. der kandidat oder die kandidatin für das amt eines kommissars muss auch hier bei uns rede und antwort stehen in vollem respekt davor, dass die investitur und auch die wahl die aufgabe des europäischen parlaments ist. so wollen wir es mit der zusammenarbeit halten. so wollen wir sie auch verbessern. liebe kolleginnen und kollegen, es wird aber auch ganz klar darauf ankommen, dass wir in zusammenarbeit mit der kommission mit blick auf die gestaltungsmöglichkeit des deutschen bundestages sagen: wenn wir auf dieser seite des parlaments um europa streiten wir um ein möglichst soziales europa, manche auch eher um ein konservatives, liberales, grüneres oder auch linkeres europa , dann streiten wir aber ganz klar für dieses europa und positionieren uns gegen diejenigen, die dieses europäische parlament abschaffen wollen. das wort hat der abgeordnete dr. harald weyel für die afd-fraktion."
28,01.02.2019,ID197802800,Harald,Weyel,AfD,Harald Weyel,"geehrte präsidentin! sehr geehrte gäste, zuschauer und abgeordnete! wir diskutieren heute ein arbeitsprogramm. arbeitsprogramm, das klingt nach fleiß, das klingt nach entbehrung, das klingt nach fortschritt. das klingt aber vor allem auch nach einem konkreten plan. und genau das ist das arbeitsprogramm der eu-kommission nicht. es löst keine probleme, nicht das italienische, nicht die wirkungslosigkeit des eu-türkei-deals und nicht die praktische nichtigkeit des schengen- und dublin-abkommens. das ist kein arbeitsprogramm, sondern lobbyinduzierte versprechungspolitik von leuten, die sich vielfach der geschäftsführung ohne auftrag befleißigen, einer kommission, die neben irreführendem aktionismus vor allem eigenwerbungsbroschüren produziert. da lesen sie dann zitat : der digitale binnenmarkt hat den europäern bereits einige vorteile gebracht: die roaming-gebühren wurden abgeschafft, die bürgerinnen und bürger haben nun zugang zu film-, sport-, musik-, videospiel- und e-book- abonnements … und einen anderen höhepunkt brüsseler bürgernähe haben wir letztes jahr als sonder-bonus erfahren: die inaussichtstellung des etwaigen endes der sommerzeit umstellung, die dann doch jedem land wieder selbst überlassen bleiben muss. dies ist übrigens eine höchst unfreiwillige reminiszenz daran, wie viel anachronismen, also fortschritte von vorgestern, hier mitgeschleppt werden; denn die zeitumstellung wurde erstmals von deutschland und österreich-ungarn im frühjahr eingeführt und dann auch von den kriegsgegnern übernommen. nächstes beispiel. die investitionsoffensive schon wieder militärischer jargon für europa, der sogenannte juncker-plan, hat bereits zusätzliche investitionen in höhe von milliarden euro generiert. es heißt: sie hat damit ihr ursprüngliches ziel übertroffen und wird voraussichtlich , millionen arbeitsplätze schaffen wie tickt jemand, der als kommissionspräsident einem investitionsvehikel, das von manchen als renditegarantie für finanzhaie bezeichnet wurde, seinen eigenen namen aufdrückt? das zeugt von allmachtfantasien einer freischwebenden politikerkaste nach dem motto: wenn es ernst wird, muss man lügen. das ist in der geschichte immer schiefgegangen. dann ist alles naturgemäß noch nicht einmal vernünftig validierbar zitat : die angaben zu den tatsächlich angestoßenen investitionen seien womöglich überhöht, teilt der eu-rechnungshof am letzten dienstag mit. laut schätzungen sind die zusätzlich mobilisierten investitionen und der gigantische hebel darum fraglich. mit herrn juncker unterstützen sie zudem einen mann, der millionen europäern als vorbild dienen soll bzw. diese repräsentiert und frauen auf staatsempfängen unkontrolliert durch die haare wuschelt. zudem wurden die meisten aus dem sogenannten juncker-plan finanzierten investitionen in griechenland, estland, portugal, spanien, litauen, lettland etc. angestoßen. es ist ein altes muster, dass vertreter von zwergstaaten zurzeit der hobbycoiffeur aus luxemburg bzw. brüssel in eine verantwortungsvolle position gehievt werden und dann von dort aus munter das steuergeld anderer leute verteilen. in deutschland müssen aber viele anrainer etwa die straßensanierung selbst bezahlen, trotz aller rekordsteuereinnahmen des eu-landes deutschland! sehr vieles in der eu ist eben blendwerk oder einbahnstraße, eine von klammen staaten ersonnene trickserei, um die geldbörsen anderer leute anzuzapfen, und das mit zunehmender und vielschichtiger negativdynamik. dazu sage ich ihnen eines ganz klar: wir als afd wollen schluss machen mit unbewährtem tischleindeckdich und all den anachronismen, die immer wieder neu erfunden werden. dann bilden endlich wieder die interessen des eigenen landes und des eigenen volkes die grundlage aller entscheidungsprozesse. danke schön. das wort hat der kollege gunther krichbaum für die cdu/csu-fraktion."
29,01.02.2019,ID197802900,Gunther,Krichbaum,CDU/CSU,Gunther Krichbaum,"frau präsidentin! liebe kolleginnen und kollegen! herr professor weyel, das, was sie gerade hier vom stapel gelassen haben, ist die typische demagogische hetze, die mit dem einzug ihrer partei leider auch einzug in den deutschen bundestag gehalten hat. ich will nicht meine ganze redezeit damit verschwenden, dem entgegenzutreten. aber wir müssen uns nur die terminologie anschauen: zwergstaaten. es gibt nur kleine staaten in europa und solche, die noch nicht begriffen haben, dass sie klein sind. dieses zitat stammt im übrigen von jean-claude juncker. sie können versuchen, mit ihrer hetze wirkung zu erzielen. aber allein das geht fehl. als beispiel nenne ich die bilanz der kommission, zu der gerade kollege axel schäfer ausgeführt hat. ja, es gab megathemen wie beispielsweise migration und außengrenzenschutz. aber dass es nicht funktionierte, lag doch nicht an europa. wir haben doch nicht krisen, weil wir ein zuviel an europa gehabt hätten. wir hatten krisensituationen, weil wir ein zuwenig an europa hatten. genau das muss korrigiert werden. das liegt nicht an der europäischen kommission, sondern daran, dass die nationalen mitgliedstaaten nicht bereit sind, auf ihre kompetenzen zu verzichten. so wird ein schuh daraus. das sieht man besonders gut beim außengrenzenschutz. ja, mit schengen haben wir unsere außengrenze gewissermaßen an die außengrenze der europäischen union verlegt. aber es wäre nun auch erforderlich, dass wir die außengrenzen der europäischen union vergemeinschaften, das heißt, unter gemeinsame verantwortung stellen, damit wir einen effektiven schutz gewährleisten können. das ist aber bislang noch nicht der fall, weil genau die staaten, die über eine außengrenze in der europäischen union verfügen, dafür kompetenzen abgeben müssten. da sind wir dran wir diskutieren heute über das arbeitsprogramm, das die europäische kommission schon im oktober vorgelegt hat. nur ein hinweis: das europäische parlament hat noch am selben tag über dieses arbeitsprogramm debattiert. wir tun das nun drei monate später. der bundesrat wird nach uns erst in tagen darüber diskutieren. es wäre gut, wenn wir uns als deutscher bundestag frühzeitiger diesen dingen widmeten und damit auseinandersetzten. dieses arbeitsprogramm weist die besonderheit auf, dass wir uns mehr oder weniger mit dieser kommission und dem europäischen parlament quasi im landeanflug befinden; denn mitte mai wird das europäische parlament gewählt, und die kommission wird ihre arbeit einstellen müssen, weil sie danach neu zusammengesetzt wird. die bilanz dieser kommission ist beachtlich. jean-claude juncker hatte mit dem projekt erfolg, diese kommission a) politischer werden zu lassen und b) ihr zum ersten mal eine echte struktur zu geben. zuvor gab es kommissare mit verschiedenen dossiers. kam ein neues mitgliedsland hinzu, wussten wir eigentlich gar nicht, welches dossier wir dem kommissar geben sollten, den das betreffende land berechtigterweise stellte. die struktur aus einem ersten vizepräsidenten, weiteren vizepräsidenten und den kommissaren hat sich bewährt und sollte auch in der nächsten legislaturperiode platz greifen. auch rein inhaltlich hat diese kommission sehr viel bewirken können. ich darf darauf hinweisen, dass am heutigen tag, am . februar, das jefta-abkommen in kraft tritt, ein freihandelsabkommen zwischen der europäischen union und japan, quasi prȇt-à-porter. millionen verbraucher bilden nun gewissermaßen einen einheitlichen markt und stellen damit eine glaubwürdige antwort auf den protektionismus dar, mit dem man in anderen ecken der welt versucht zu antworten. nein, freier handel hat europa immer gutgetan, hat für uns arbeitsplätze und wohlstand geschaffen. genau an diesem punkt müssen wir weitermachen. mit blick nach vorne glaube ich, dass große herausforderungen auf die kommission warten. zuallererst geht es um die abwicklung des brexit. dieses thema wurde viel zu sehr zu einer nabelschau und hat über lange zeit viele ressourcen bei uns gebunden. das soll noch als fußnote in der verbleibenden redezeit gesagt werden, um schieflagen in der diskussion zu beseitigen: das austrittsabkommen, das nun auf dem tisch liegt, wird nicht erneut aufgeschnürt. nachverhandlungen sind ausgeschlossen; denn dieses austrittsabkommen stellt bereits einen kompromiss dar. auch von unserer seite wurden enorme zugeständnisse gemacht; frau kollegin brantner weiß, wovon ich rede. das heißt, wir müssen selbstbewusst auftreten und sagen: hier gibt es keinen neuen deal. großbritannien muss schauen, welchen vorschlag es präsentiert, damit die wirkungen eines harten brexit vermieden werden. das liegt im interesse der bürger nicht nur in deutschland und in großbritannien, sondern in ganz europa. herzlichen dank. für die fdp-fraktion hat nun michael link das wort."
30,01.02.2019,ID197803000,Michael Georg,Link,FDP,Michael Georg Link,"frau präsidentin! liebe kolleginnen und kollegen! da die kommission kurz vor dem ende ihrer amtszeit steht, ist klar, dass vieles stichwort: arbeitsprogramm der kommission nur deklaratorisch ist. deshalb ist es wichtig, dass wir den blick eher auf das grundsätzliche lenken. es ist eine gute gelegenheit vor der wahl einer neuen kommission und vor allem der wahl eines neuen europäischen parlaments, einige grundsätzlichere überlegungen zum beispiel zur struktur der kommission und zur struktur des haushalts, aber auch zur kompetenzverteilung anzustellen. struktur der kommission. gunther krichbaum hat gerade erklärt, die struktur habe sich bewährt. hier muss ich in aller kollegialität klar widersprechen. der eu-vertrag sieht dafür haben die damals beteiligten hart gekämpft eine verkleinerung der kommission vor. ist das nicht mehr unsere meinung? das steht aber im vertrag. seit dem . november hätte das auch so sein müssen, wenn nicht einige wenige staaten dem widersprochen hätten. wir als freie demokraten erwarten, dass man hier noch einmal rangeht. eine kommission mit kommissaren wie auch immer strukturiert ist zu groß, zu kompliziert und zu schwerfällig. deshalb wäre es richtig und hilfreich, an die betreffende passage des vertrages zu erinnern, die wir aus guten gründen aufgenommen haben. wir brauchen eine effizientere kommission. es stimmt, dass der amtierende kommissionspräsident dafür einiges getan hat. aber es reicht uns noch nicht. kollege link, gestatten sie eine frage oder bemerkung des kollegen krichbaum? gerne. verehrter kollege link, ich weiß natürlich nicht nur um den vorschlag der fdp, die kommission zu verkleinern, sondern auch, dass es so tatsächlich im vertrag von lissabon steht. aber: hat man sich in der fdp einmal damit auseinandergesetzt, dass wir irland bei dem damaligen referendum in die hand versprochen hatten, dass dieses land seinen kommissar wird behalten können? es klingt zwar vordergründig gut, die kommission zu verkleinern, und häufig wird mit einsparungen argumentiert. aber wir müssen auch wissen, dass der kommissar gerade für vermeintlich kleinere mitgliedstaaten eine enorme bindungskraft zwischen brüssel und den jeweiligen hauptstädten um nicht zu sagen: dem jeweiligen land hat. das wird von unserer seite oft unterschätzt, zumal wir in deutschland aufgrund unserer geografischen lage verwöhnt sind. wir befinden uns mitten in europa und relativ nah an brüssel, aber es gibt länder, die geografisch ganz woanders liegen, für die brüssel weit weg ist. da fungiert ein kommissar gewissermaßen auch als botschafter eines landes. ich glaube, genau diese dinge darf man nicht unterschätzen, auch wenn ich weiß, dass ein solcher vorschlag zur verkleinerung der kommission innerhalb der bundesregierung auf große gegenliebe stößt. herr kollege krichbaum, natürlich würden sich sehr viele mitgliedstaaten wünschen, einen nationalen kommissar zu entsenden. nur: es ist zum glück nicht so, dass der kommissar das eigentum eines staates ist oder dass er der offizielle vertreter ist. es ist gut, dass das nicht so ist. wir wollen eigentlich dahin kommen, dass die kommission nicht mehr aus rein nationalen vertretern, die sich nur ihrer nationalen herkunft verpflichtet fühlen, zusammengesetzt ist, sondern dass die kommissare das gesamte europa vertreten. das ist für uns ein entscheidender punkt. wir treten auch weiterhin für die verkleinerung der kommission ein nicht, weil wir sparen wollen, sondern weil wir es für wesentlich effizienter halten danke für die frage , in diesem zusammenhang über bessere rechtsetzung zu reden. mehr kommissare heißt auch: mehr kommissare, die im eigenen bereich richtlinien erlassen wollen. das führt, offen gesagt, zu mancher richtlinie, die vielleicht besser dort geblieben wäre, wo sie herkommt, nämlich im ideenpool eines kommissars. je mehr portfolios sie haben, desto mehr wird der wunsch wachsen, auch im eigenen bereich recht zu setzen. und das führt uns wieder zu den vielen problemen, bei denen wir dann stichwort subsidiarität und verhältnismäßigkeit überregulierung haben. also: weniger ist mehr. das ist für uns ein ganz wichtiges prinzip. deshalb bleiben wir bei unserer forderung, dass diese passage des lissabonner vertrags umgesetzt wird. die kommission wäre gut beraten, dieses thema anzugehen. es wäre schön, wenn die bundesregierung nach der wahl die initiative ergreifen könnte, noch mal darüber zu reden. ich weiß, das ist schwierig, aber sie kriegen so etwas, wenn überhaupt jemals, nur nach einer wahl und in der phase einer neuen kommissionsbildung durch, ansonsten ist die chance für fünf jahre wieder vorbei. es ist schwierig; das wissen wir, völlig klar. aber es wäre jetzt eine wichtige gelegenheit. es wäre auch eine gelegenheit, das thema gemeinsames verständnis von rechtsetzung anzugehen. der sehr spannende bericht der taskforce für subsidiarität, die kommissar timmermans und kommissionpräsident juncker eingesetzt hatten, ist leider viel zu wenig gelesen worden. er beinhaltet spannende ausführungen über die frage, wie das, was auch im vertrag drinsteht nämlich subsidiarität und verhältnismäßigkeit , eigentlich gelebt werden soll. uns fehlt auch darauf ist hingewiesen worden ein gemeinsames verständnis von subsidiarität. wenn sie so wollen: es fehlt uns auch ein gemeinsames prüfraster für die juristischen feinheiten und die anwendung. das ist ein punkt, den wir angehen müssen, auch als bundestag. es wäre wichtig, wenn wir die anregungen, die aus politik und wissenschaft kommen, aufgreifen und den versuch unternehmen würden, uns als bundestag zum beispiel zu einem prüfraster für subsidiarität und verhältnismäßigkeit zu positionieren. das erleichtert uns, ein gemeinsames verständnis für diesen wichtigen punkt zu finden. denn wir wollen ja gerade nicht, glaube ich, dass wir in den bereichen, in denen die kompetenzen auf der ebene der mitgliedstaaten besser aufgehoben sind, eine überregulierung haben. gleichzeitig wollen wir aber eine bessere regulierung. es geht bei subsidiarität und verhältnismäßigkeit nicht um kompetenzen, es geht vielmehr um bessere rechtsetzung. lassen sie mich zum schluss noch eines sagen: das große inhaltliche thema dieses jahres wird trotz der wahlen sie werden das wahrscheinlich rund um den gipfel von hermannstadt noch mal sehr deutlich sehen die debatte über den eu-haushalt sein. ich glaube, dass die bundesregierung vorsichtig sein sollte, hier zu früh zu viel geld zu versprechen. niemand ist dagegen, dass wir die eu besser und stärker finanzieren. niemand ist dagegen, insbesondere weil wir in vielen bereichen neue aufgaben für die eu haben, gerade im bereich des schutzes der außengrenzen, der außen- und sicherheitspolitik, im bereich der forschung, der künstlichen intelligenz, horizon usw. usf. wir wollen dafür mehr tun, aber dann müssen wir vorher eine vernünftige ausgabenkritik durchführen. es lohnt sich, mal genau in den letzten bericht des europäischen rechnungshofes reinzuschauen. dort werden detailliert die fehlausgaben und extremen probleme im bereich der strukturfonds, im bereich der gemeinsamen agrarpolitik aufgeführt. gleichzeitig wird die tatsache sichtbar, dass wir zu wenig geld haben für die anderen bereiche, die ich erwähnt habe, wie zum beispiel internationales handeln. hier müssen wir ran. wir können das thema nicht angehen, indem wir einfach sofort neues geld bereitstellen, sondern wir brauchen eine solide ausgabenkritik. dann können wir im eu-haushalt für diese neuen aufgaben spielräume schaffen. vielen herzlichen dank. das wort hat der abgeordnete thomas nord für die fraktion die linke."
31,01.02.2019,ID197803100,Thomas,Nord,DIE LINKE,Thomas Nord,"sehr geehrte frau präsidentin! liebe kolleginnen und kollegen! meine damen und herren! wir reden heute über das arbeitsprogramm der europäischen kommission für . sie unterrichtet uns darüber, welche prioritäten sie noch vor der europawahl umsetzen will. dies gilt für den beschluss des mehrjährigen finanzrahmens bis , für den ausbau des esm zur krisenbewältigung und das europäische semester. das wachstum in der europäischen union erreicht demnach den höchsten wert seit zehn jahren, und die beschäftigungszahlen sind wieder auf vorkrisenniveau. alles ist oder wird gut ist der subtext. gar nicht gut liest sich aber der absatz zur migrationspolitik. angesichts der todesdramen auf dem mittelmeer ist die aussage zitat auf der zentralen mittelmeerroute war ein erheblicher rückgang der migration zu verzeichnen ein blanker zynismus. auch an anderen stellen kollidiert der text der kommission mit der sozialen und politischen realität in den mitgliedstaaten. diese realität ist jedoch entscheidend für den zusammenhalt der europäischen union. es stimmt: die allgemeine arbeitslosigkeit in der eu liegt im durchschnitt bei unter prozent. allerdings liegt die jugendarbeitslosigkeit in der eu bei prozent, in griechenland bei prozent, in spanien und italien bei prozent, in frankreich bei über prozent, in deutschland bei nur prozent. lag sie in griechenland, italien und spanien bei knapp über prozent. das heißt: sie ist in diesen ländern massiv gestiegen. nur in deutschland, polen und ungarn ist sie aus sehr unterschiedlichen gründen signifikant gesunken. diese zahlen zeigen entgegengesetzte entwicklungen zwischen den mitgliedstaaten. das ist auch ein grund für massive stimmungsunterschiede in diesen staaten. die folgen der finanzkrise mögen auf dem technischen level bearbeitet sein, die währungsunion durch die niedrigzinspolitik der ezb stabilisiert, die haushalte der euro-mitgliedstaaten entlastet. auch die bankenunion ist weit vorangetrieben. aber: in dem text fehlt unter anderem jede thematisierung der vertragsverletzungen wegen makroökonomischer ungleichgewichte, zum beispiel durch uns, durch deutschland. auch diese sind ein wesentlicher grund für das politische auseinanderdriften innerhalb der union, für unterschiedliche stimmungen in den mitgliedstaaten. bei den vorschlägen zur steuerpolitik fehlt die bekämpfung der wachsenden verteilungsungleichheit in europa und in den mitgliedstaaten. in vielen ländern der union sind bürgerinnen und bürger verlierer dieser entwicklung. daraus resultiert der unmut, dass die eu viel unternommen hat, um währung und banken zu retten, aber wenig für sozialen frieden und zusammenhalt getan hat. die jüngsten proteste in frankreich sind nur ein beispiel dafür, die aktuellen wahlergebnisse für konservative und sozialdemokraten in vielen mitgliedstaaten ein anderes. das gilt auch für deutschland. bedauerlicherweise flüchten sich viele wählerinnen und wähler in die illusion, dass ein abgeschotteter nationalstaat eine lösung dieser probleme brächte. die zahl nationalistischer abgeordneter kann sich nach prognosen in der europawahl verdoppeln. die politischen kräfteverhältnisse im parlament werden sich stark verändern und in die neubildung der europäischen institutionen einfließen. die jetzige kommission hat vor fünf jahren ihre arbeit aufgenommen. ihre mitglieder wurden von den damaligen regierungen vorgeschlagen. seitdem haben alle mitgliedstaaten neu gewählt. wo regierungen bestätigt wurden, haben sie oft starke veränderungen ihrer programmatik vorgenommen; in vielen ländern haben regierungen vollständig gewechselt oder sich in ihrer zusammensetzung stark verändert. die veränderungen bedeuten in der konsequenz: die jetzigen kommissare haben am ende ihrer amtszeit nur noch geringe unterstützung in ihren herkunftsländern, im rat und im zukünftigen eu-parlament. auch das zeigt, warum das arbeitsprogramm aus meiner sicht ein zweckoptimistischer text ist, der wiederholt auf den eu-gipfel in sibiu zwei wochen vor der wahl im mai verweist. das aber ist kein treffen der kommission unter der leitung von jean-claude juncker, sondern eines der staats- und regierungschefs. ratspräsident tusk trifft auf sebastian kurz, der mit der rechtsextremen fpö koaliert. er trifft auf giuseppe conte, der ein platzhalter für die rassistische politik von matteo salvini ist. er trifft mateusz morawiecki, mitglied der rechtspopulistischen pis, und auf herrn orban, den kleinen diktator wie herr juncker sagt und freund der csu, die künftig den kommissionspräsidenten stellen will. liebe kolleginnen und kollegen, diese regierungen haben das recht, die kommissare vorzuschlagen, die vom neuen eu-parlament bestätigt werden müssen. zusammen macht das wenig hoffnung, dass wirklich alles gut wird. und damit das klar ist: darüber kann man nicht erfreut sein. ein europa der vaterländer und eine rückkehr ins . und . jahrhundert ist eben keine lösung der probleme, auch wenn das hier einige glauben. die eu braucht heute eine sozial gerechte, ökologische, friedliche, nachhaltige politik, sowohl in den mitgliedstaaten als auch in gänze. nur dann wird sie eine zukunft haben. herzlichen dank. das wort hat dr. franziska brantner für die fraktion bündnis /die grünen."
32,01.02.2019,ID197803200,Franziska,Brantner,BÜNDNIS 90/DIE GRÜNEN,Franziska Brantner,"sehr geehrte präsidentin! sehr geehrte damen und herren! es sind noch tage bis zur europawahl, also nicht mehr viel zeit, um laufende verhandlungen auf eu-ebene abzuschließen. deshalb ist es auch richtig, dass die eu-kommission evaluiert hat, was sie prioritär noch fertig machen möchte und was sie noch neu auf den weg bringen will. es ist zum beispiel grundsätzlich gut, dass die kommission die debatte um mehrheitsentscheidungen in der steuerfrage vorangebracht hat. wenn wir es nicht schaffen, die kreative steuergestaltung endlich zu unterbinden, bei der sich einige aus dem gemeinwohl verabschieden und steuern in höhe von milliardenbeträgen uns allen hier de facto rauben, dann haben wir in europa ein großes problem für die zukunft, dann fehlt die finanzierung der daseinsvorsorge vor ort, der schulen, der hallenbäder. darauf kommt es jetzt an: dass wir gemeinsam die steuerfrage angehen. aber die kommission hat dafür leider den falschen weg gewählt. sie hat vorgeschlagen, dass einstimmig beschlossen werden muss, dass in zukunft mit mehrheit beschlossen wird. das ist absurd, das wird nicht funktionieren. es gibt eine andere rechtsgrundlage, die sie hätte nutzen können, nämlich artikel ; er führt zum gleichen ergebnis, aber ohne einstimmigkeit. liebe kommission: das war augenwischerei, da fehlte eindeutig der mut. in ihrem arbeitsprogramm hat die kommission die prioritären vorhaben aufgelistet, bei denen es momentan hapert. wenn man sich die punkte anschaut, dann weiß man, dass es etwas mit dieser bundesregierung zu tun hat, warum es hier hapert. herr schäfer, sie haben vorhin die steuerfrage angesprochen das ist absolut richtig , aber wenn man sich die digitalsteuer, mehrwertsteuer, körperschaftsteuer anschaut, dann fragt man sich: wer bremst denn da? das ist doch die bundesregierung, das ist doch herr scholz, der die digitalsteuer kleingehäckselt hat, sodass am ende davon nichts mehr übrig war. das ist tragisch, es ist wirklich schade, dass deutschland hier auf der bremse stand. das gleiche gilt für den umweltbereich, klimabereich, die co -grenzwerte, für lkw, green finance, alles, was es da gibt. wir wissen, da ist deutschland weder motor noch antreiber und steht nicht hinter der kommission, sondern auf der bremse. das gilt es jetzt endlich aufzuheben. sie müssen da in bewegung kommen und die kommission unterstützen. immer die gleiche masche: sonntags schön über europa reden und montags weiter blockieren. das muss jetzt endlich ein ende haben, sonst geht dieses projekt europa wirklich vor die hunde. bei der anstehenden europawahl das wurde erwähnt geht es um viel; nach der wahl werden die kommissare bestimmt. ich freue mich schon darauf, wenn die fdp mit in der regierung ist und deutschland dann auf den kommissar verzichtet. das, herr link, ist die konsequenz ihrer forderung nach weniger kommissaren. das werden wir dann sehen. ich kann sagen: es geht hier um sehr viel, und wir werden mit dafür kämpfen, dass es keinen kommissionspräsidenten von orbans gnaden gibt. das ist eine der entscheidungen, die bei der europawahl anstehen. wir sind ganz klar für ein liberales, proeuropäisches europa und für einen kommissionschef, der auch dafür steht, und das garantiert. ich danke ihnen. für die spd-fraktion spricht nun christian petry."
33,01.02.2019,ID197803300,Christian,Petry,SPD,Christian Petry,"frau präsidentin! meine sehr verehrten damen und herren! jahre binnenmarkt, und die bilanz der europäischen union fällt durchweg positiv aus. axel schäfer ist einer derjenigen, der von bis quasi den startschuss des binnenmarktes im europäischen parlament begleiten konnte. er kann viel besser berichten, dass das alles nicht ganz einfach und selbstverständlich war, was wir heute als einfach und selbstverständlich empfinden. dass europa zusammengewachsen ist, hat deutschland sehr nach vorne gebracht. wir sind volkswirtschaftlich gesehen die nettogewinner der europäischen union. nicht auf kosten von anderen, andrej hunko. insgesamt hat die europäische union in den jahren einen deutlichen freiheits-, wohlstands- und sicherheitsbonus für die menschen in diesem europa gebracht. darauf können und müssen wir stolz sein. franziska brantner hat eine öko-fdp-rede gehalten; das fand ich ganz interessant, das scheint eine neuorientierung zu sein, oder vielleicht ist es nur so rübergekommen. ich glaube, man muss erwähnen, dass olaf scholz in seiner amtszeit im bankensektor in europa mehr in bewegung gebracht hat als herr schäuble, sein vorgänger, in fünf jahren. auch das ist ein erfolg, der hier einmal genannt werden muss. ich freue mich, dass wir in den zielen der kommission klargelegt haben, wie die position europas ist: dass wir auf dem weg ins digitale zeitalter eine starke europäische union brauchen, auch im bereich umweltschutz und co -reduzierung. das geht nicht mehr allein auf nationaler ebene. ich freue mich, dass die soziale säule stärker in den mittelpunkt rücken soll. dazu hat frans timmermans deutliche aussagen gemacht. er sagt, er will dies bei der europawahl in den mittelpunkt der auseinandersetzung stellen. ich glaube, das ist genau richtig; denn da besteht in der tat deutlicher nachholbedarf. die freiheiten, die wir in europa haben mindestens drei davon konzentrieren sich zunächst einmal auf den wirtschaftlichen bereich. die stärkung der sozialen säule das hat frans timmermans angekündigt ist ein ziel, dem wir uns gerne anschließen. der kommissionsbericht gibt es auch her, sie zu stärken, und dafür lohnt es sich zu kämpfen. axel schäfer hat darauf hingewiesen: dafür ist viel geld notwendig. wir haben schon oft darüber diskutiert, welches anforderungsprofil gunther krichbaum hat es genannt die europäische union erfüllen muss. deswegen müssen wir uns über eine ausreichende finanzierung der europäischen union unterhalten. wir müssen selbstverständlich auch schauen, was schiefgelaufen ist und wo man veränderungen im system vornehmen kann. ich glaube, wir werden am ende nicht umhinkommen, tatsächlich zu sagen wie wir es im koalitionsvertrag vereinbart haben , dass wir zu einem höheren beitrag bereit sind. die frage ist nur: an welcher stelle und wie? da kommen wir sehr schnell zur debatte über die eigenmittel; das wurde genannt. wenn man aus den nationalen haushalten die beiträge nicht unendlich erhöhen kann, müssen wir uns fragen, ob die eigenmittelausstattung der europäischen union angemessen ist oder ob es da spielräume gibt. da sind wir sehr schnell bei der steuerdebatte und zum beispiel der frage: kann ein nationales steuerrecht internationale konzerne bändigen, oder ist auch hier ein internationaler ansatz vonnöten und damit auch die kompetenz der europäischen union gefragt? auch diese frage möchte ich in den raum stellen. die technischen dinge sind alle schon in der diskussion: die plastiksteuer, die digitalsteuer oder die vereinheitlichung der basis bei der körperschaftsteuer. all diese dinge sind europäisch besser lösbar. das ist einer der politischen ansätze für die zukunft, über den wir uns in den nationalen parlamenten, hier im deutschen bundestag, gerne im diskurs miteinander auseinandersetzen werden, um einen tragbaren vorschlag für die ausfinanzierung der wirklich notwendigen zusätzlichen aufgaben der europäischen union zu erreichen. die arbeitsstandards werden im kommissionsbericht genannt. der verbraucherschutz ein ganz wichtiger aspekt wird genannt. er ist europäisch durchsetzbar. auch die verbandsklage wird als ziel genannt. bei der vertiefung der währungsunion ist ein weiterer schritt beim letzten treffen des ecofin gemacht worden. dennoch muss hier noch weitergearbeitet werden. ziel ist auch eine faire handelspolitik. gunther krichbaum hat ein abkommen genannt. die europäische union schließt handelsabkommen und legt wert auf faire handelsabkommen. auch zum dialog mit afrika und dem aufbau in afrika liegt ein ganz still und leise beschlossener kommissionsbeschluss vor, der besagt, dass die volkswirtschaften afrikas bis aufgebaut werden sollen. auch das ist eine superaufgabe der europäischen union, die wir unterstützen müssen, liebe kolleginnen und kollegen. das rechtsstaatsprinzip soll gestärkt werden. auch in der migrationspolitik das ist genannt worden muss weitergearbeitet werden. ich möchte zum ausdruck bringen, dass wir hier auf einem wirklich guten weg sind und die bilanz besser ist, als sie bisweilen öffentlich diskutiert wird. wir müssen das positiv begleiten. ich glaube, wir brauchen keine parteien und menschen, die im europawahlkampf den blick zurück, ins letzte jahrtausend, werfen und in alte zeiten wollen, die wesentlich schlechter waren, die krieg und leid gebracht haben. wir brauchen aufrechte europäerinnen und europäer, die nach vorne schauen und europa auf einen wirklich guten weg in das digitale zeitalter bringen werden, in dem mehr wohlstand, sicherheit und die stärkung der sozialen rechte für unsere bevölkerung im mittelpunkt stehen werden. in diesem sinne freuen wir uns auf eine spannende zeit im europawahlkampf. dafür sind wir bereit. glück auf! das wort hat der abgeordnete martin hebner für die afd-fraktion."
34,01.02.2019,ID197803400,Martin,Hebner,AfD,Martin Hebner,"sehr geehrte frau präsidentin! meine damen und herren! die mitteilung des arbeitsprogramms der eu-kommission für besteht aus seiten prosa. das ist ein man könnte fast sagen besinnungsaufsatz mit wenig zahlen, aber mit dem titel versprechen einlösen und unsere zukunft gestalten . meine damen und herren, wenn man den titel versprechen einlösen hört, dann sollte man sich und insbesondere die regierungskoalition fragen: was haben die eu-kommissare für die letzten jahre versprochen? wenn man wie ich aus der wirtschaft kommt, dann fragt man natürlich grundsätzlich nach einem soll-ist-vergleich. was ist in diesem falle bisher versprochen worden, und was wurde umgesetzt? herr schäfer hat gesagt ich zitiere wörtlich : es hat noch sehr viele lücken. machen wir einfach einen vergleich und sehen uns an, was von der eu-kommission im letzten jahr von den zehn politischen prioritäten der juncker-kommission umgesetzt worden ist. darunter findet sich unter anderem der punkt mehr wachstum . das wachstum im euro-raum fiel jedoch von , prozent mitte auf , prozent ende . die arbeitslosigkeit wurde hier schon thematisiert. gerade in den mittelmeerländern stehen wir vor einem fiasko. dort ist die jugendarbeitslosigkeit hoch. die junge generation wird bereits als verlorene generation bezeichnet. eine vertiefung des binnenmarkts wurde in diesem fall als ziel ausgegeben. doch der brexit hat eine genau konträre wirkung; mit dem brexit verlässt das land, das die gleiche wirtschaftskraft hat wie die zwölf zuletzt aufgenommenen länder, die eu. der deutsch-französische freundschaftsvertrag zeigt, dass wir einem zerfall der eu in eine eu der verschiedenen geschwindigkeiten gegenüberstehen. das ist ganz klar ein signal insbesondere an die osteuropäischen länder, dass die eu sukzessive aus mitgliedern erster und zweiter klasse bestehen wird. das hat also eine komplett konträre wirkung. auf die technischen herausforderungen der digitalisierung hat die eu keinerlei antworten. bei dem thema künstliche intelligenz , bei dem die cluster international angesiedelt sind, ist die eu komplett außen vor. dafür bekommen wir aber von der eu ein tolles machwerk, das sich datenschutz-grundverordnung nennt und ein bürokratiemonster ist. auch die aktuelle diskussion über upload-filter, die von der eu-kommission mit initiiert worden sind, zeigt, dass diese schlicht und ergreifend eine einschränkung der freiheit, sich im netz zu informieren, für die bürger zur folge haben. kommen wir zum thema pisa. insbesondere in der mathematik zeigt sich im eu-weiten vergleich, dass der leistungsstand erschreckend niedrig ist. hier fehlt es ganz klar an anreizen. schauen wir uns auch einmal an, wer in die eu eintreten will. starke länder wie die schweiz oder norwegen werden darauf verzichten; aber länder wie montenegro, mazedonien oder albanien stehen vor der tür. das zeigt doch ganz klar, was hier die anziehungskraft ist: eine querfinanzierung. auch die neuen pläne für eine große arbeitsbehörde in der eu bedeuten nichts anderes, als dass auch hier wieder eine transferleistung von deutschland an andere eu-länder erfolgen wird. meine damen und herren, wir müssen uns doch fragen: wenn immer mehr aufgaben und kompetenzen in die eu verlagert werden, dann das ist in der wirtschaft auch so baut man diese an anderer stelle ab. wenn die eu-kommissare weitere kompetenzen bekommen, frage ich mich: wozu wird ihre anwesenheit dann überhaupt noch benötigt? schauen sie doch mal in den spiegel! wozu braucht man sie denn noch, wenn die kompetenz an die eu geht? wozu braucht man diese große zahl an abgeordneten noch? überlegen sie sich doch einmal, wohin die entwicklung in den nächsten jahren gehen wird! wir werden im endeffekt hier immer mehr abgeordnete haben, die eigentlich keine aufgaben haben und nur darauf verweisen, dass die eu alles regelt. meine damen und herren, das ist keine sinnvolle entwicklung und mit der afd nicht machbar. vielen dank. für die cdu/csu-fraktion hat nun florian hahn das wort."
35,01.02.2019,ID197803500,Florian,Hahn,CDU/CSU,Florian Hahn,"frau präsidentin! kolleginnen und kollegen! das arbeitsprogramm der europäischen kommission für das jahr fällt ja, betrachtet man den umfang, ein bisschen dürftig aus. das ist keine kritik an der kommission; denn das ist dem umstand geschuldet, dass mit blick auf die europawahl am . mai dieses jahres nach ostern die räder in brüssel erst einmal mehr oder weniger stillstehen. das wichtigste vorhaben in kommt aber meiner meinung nach trotzdem zu kurz, das ist nämlich die vorbereitung auf den brexit. manchmal kann man es schon nicht mehr hören. über den brexit wird in den medien rauf und runter diskutiert. im deutschlandfunk war diese woche zu hören, dass sich bereits zahlreiche hörer beschwert hätten, weil sie die andauernden diskussionen über den brexit nicht mehr hören wollen. ich verstehe das. der brexit ist aber zurzeit das beherrschende thema. er bindet nicht nur enorm viel aufmerksamkeit, sondern auch ungeheure arbeitskraft auf allen politischen ebenen. es hilft aber alles nichts. wenn wir keinen geordneten austritt schaffen, dann wird es für die bürgerinnen und bürger und für die wirtschaft schwierig und teuer. tom enders, der ceo von airbus, hat in der letzten woche mit blick auf die folgen vor allem für das vereinigte königreich gesagt, der brexit drohe ein jahrhundert der entwicklung auf der grundlage von bildung, forschung und humankapital zu zerstören. deswegen kann ich an unsere freunde auf der insel, an die briten, nur appellieren, endlich einen vernünftigen lösungsvorschlag zu liefern. die zeit ist sehr knapp, aber die eu der wird sich davon nicht unter druck setzen lassen. das sei auch gesagt. für uns ist klar, dass wir weder unseren eu-binnenmarkt schwächen noch die irische insel im stich lassen werden. das karfreitagsabkommen darf nicht gefährdet werden. das aktuelle arbeitsprogramm ist das fünfte programm der juncker-kommission. es enthält nur initiativen. unter den zu prüfenden richtlinien findet sich auch die wasserrahmenrichtlinie. da kommen bei einigen vielleicht ein paar erinnerungen an diskussionen hoch. ich habe das noch gut im ohr, wie wir hier im bundestag darüber diskutiert haben. ich erinnere mich an die verhetzungen, als man vor jahren bei der beratung dieser richtlinie eine privatisierung der wasserversorgung in deutschland unterstellt und horrende preise und furchtbare folgen prognostiziert hat. an dieser stelle kann man nur sagen: alles nicht eingetreten. auch bei ttip und ceta gab es ähnliche kampagnen. auch hier das muss ich leider sagen haben die grünen und die linken mit der angst der menschen gespielt, um diese handelsabkommen zu verhindern. das ist bei ttip dann leider gelungen, beim abkommen mit kanada, ceta, gott sei dank nicht. und siehe da, nach einem jahr ceta hört man keinerlei beschwerden. deswegen ist es auch gut, dass es heute im übrigen einen startschuss für ein freihandelsabkommen mit japan geben wird. zurück zu dem arbeitsprogramm. getreu dem ausgerufenen motto der juncker-kommission weniger ist mehr , wurde die anzahl der gesetzesvorhaben und -initiativen deutlich reduziert. ich bin zuversichtlich, dass die neue kommission diesen kurs fortsetzen wird. als redner der csu bin ich natürlich auch sehr stolz, dass wir mit manfred weber einen ausgezeichneten und aussichtsreichen kandidaten für das amt des neuen kommissionspräsidenten ins rennen geschickt haben. er hat bereits angekündigt, dass er sich noch stärker auf die großen und wichtigen themen konzentrieren möchte und regulierungen nur dort vornehmen wird, wo es wirklich notwendig ist. das ist wichtig für die bürgerinnen und bürger; denn sie dürfen nicht den eindruck haben, dass europa nur lästig und regulierungswütig ist. wir müssen das gute, das europa uns gebracht hat und bringt, noch viel mehr in den vordergrund rücken und kommunizieren. bis auf die afd, die europa bekanntlich den rücken kehren will, sind wir hier alle gefordert. lassen sie uns deshalb im wahlkampf den kampfanzug für europa anziehen gegen die populisten, gegen die, die immer nur sagen, was alles vermeintlich nicht funktioniert, gegen die, die spaß an der zerstörung europas haben und nicht an der gestaltung europas, so wie wir. denn neben den größten errungenschaften wie frieden und wohlstand, die leider viel zu oft als selbstverständlich hingenommen werden, sind es die ganz konkreten dinge wie die europäische freizügigkeit oder die einführung einer einheitlichen währung, die wir uns ins gedächtnis rufen müssen. wenn man einer umfrage folgt, dann sind allein prozent der bürger der euro-zone von dieser währung positiv überzeugt. meine damen und herren, diesen trend müssen wir mit guter europa-politik verstärken. in diesem sinne, herzlichen dank. das wort hat der abgeordnete gerald ullrich für die fdp-fraktion."
36,01.02.2019,ID197803600,Gerald,Ullrich,FDP,Gerald Ullrich,"sehr geehrte präsidentin! liebe kolleginnen und kollegen! liebe gäste! im eurobarometer vom november haben die eu-bürger angegeben, was sie derzeit für die wichtigsten probleme der eu halten. an diesen problemen müssen sich sowohl die jetzige kommission wie auch die zukünftige kommission messen lassen. auf platz eins wen wundert es? : prozent der eu-bürger halten die migration für das größte problem, dem die eu gegenübersteht. die eu-kommission hat deshalb vorgeschlagen, die für frontex-einsätze abgeordneten nationalen grenzschützer bis auf zu erhöhen. und was macht unser minister seehofer? er erklärt, die erhöhung sei nur bis zu schaffen. gleichzeitig baut er aber eine mann starke bayerische grenzpolizei auf, die leider sehr wenig zum schutz der außengrenzen beiträgt und auch nur sehr geringe wirkungen im inland hat. ein punkt für die eu-kommission, leider kein punkt für die bundesregierung. auf platz zwei: terrorismus. prozent der eu-bürger halten dies für ein sehr wichtiges problem. wir freien demokraten fordern deshalb schon lange, europol zu einem europäischen kriminalamt mit eigenen ermittlungsbefugnissen weiterzuentwickeln. ich denke, der fall von anis amri im jahr hat die notwendigkeit gezeigt. die einzelheiten dazu sind wahrscheinlich jedem von ihnen bekannt. außerdem brauchen wir so schnell wie möglich eine eu-weite gefährderdatei. die cdu fordert zwar beides, wir warten aber seit darauf. halber punkt für die bundesregierung, kein punkt für die eu-kommission, auf deren vorschläge wir noch immer warten. auf platz drei: prozent der eu-bürger zählen die öffentlichen finanzen der mitgliedstaaten zu den wichtigsten problemen in der eu. der faule kompromiss zwischen der italienischen regierung und der eu-kommission vom . dezember zum italienischen haushalt verletzt laut allen expertenmeinungen die kriterien des stabilitäts- und wachstumspakts deutlich. die bundesregierung hat zu meiner schriftlichen anfrage mitgeteilt, sie sei juristisch nicht zuständig, um zu prüfen, ob italien gegen den stabilitäts- und wachstumspakt verstößt. das mag sein. das impliziert aber auf der anderen seite, dass sich die bundesregierung politisch nicht für zuständig erklärt, wenn es darum geht, die nächste staatsschuldenkrise im euro-raum zu verhindern. wir freien demokraten fordern deshalb, dass die einhaltung der europäischen verschuldungsregeln von einer politisch unabhängigen institution geprüft wird und dass bei einem bruch dieser regeln automatisch sanktionen erfolgen. kein punkt für die bundesregierung und auch nicht für die eu-kommission. zusammenfassend gesagt erringen bei diesen drei wichtigen problemen die bundesregierung , von punkten und die eu-kommission von punkten. die fdp ist eine partei, die europa liebt. und wenn man eine sache liebt, dann muss man versuchen, sie zu erhalten und vor allen dingen sie zu verbessern. wir werden dies tun. zu dem problem der vielen kommissare. vielleicht geschätzter kollege krichbaum, nur ein vorschlag könnten sich deutschland und frankreich vorstellen, sich gemeinsam einen kommissar zu teilen. es würde den druck auf alle anderen deutlich erhöhen, sich ebenfalls zusammenzuschließen. dann haben wir vielleicht in zukunft nur noch die üblichen kommissare. ich danke ihnen. manuel sarrazin hat für die fraktion bündnis /die grünen das wort."
37,01.02.2019,ID197803700,Manuel,Sarrazin,BÜNDNIS 90/DIE GRÜNEN,Manuel Sarrazin,"frau präsidentin! sehr verehrte kolleginnen und kollegen! herr amthor hat den begriff der serviceopposition aufgegriffen. ich möchte dem auch gerecht werden. ich möchte nämlich den blick auf südosteuropa werfen. die europäische kommission wird noch in ihrer amtszeit, höchstwahrscheinlich im rahmen der erweiterungsstrategie, wieder vorschlagen, die erweiterungsverhandlungen mit mazedonien und albanien zu eröffnen. deswegen möchte ich, dass wir auf diese region blicken und uns vor augen halten, dass vor genau einer woche zwei regierungschefs geschichte geschrieben haben. sie haben gezeigt, dass in zeiten von populismus, von spaltungsrhetorik mit mut, weitsicht und politischer verantwortung gehandelt werden kann. ja, alexis tsipras und zoran zaev haben das prespa-agreement durchgesetzt, den namensstreit beendet. nordmazedonien und griechenland können jetzt künftig gemeinsame freunde auf dem weg richtung nato und eu werden. ich finde, das sollten wir hier auch würdigen. das ist eine historische leistung. aber sie zeigt auch, dass sich die historische leistung erst dann wirklich auszahlt, wenn wir in der lage sind, auf die historische leistung einzugehen. im letzten juni hat die bundesregierung, haben alle staaten der europäischen union im rat für allgemeine angelegenheiten versprochen, für albanien und mazedonien im nächsten jahr die verhandlungen zu eröffnen. bis heute ist unklar, ob das wirklich stattfinden wird. ich finde, vor dem hintergrund des mutes von zoran zaev und alexis tsipras, vor dem hintergrund des erfolgs in der lösung des namensstreits sind wir jetzt in der pflicht, diese verhandlungen zu eröffnen. wir müssen verhindern, dass ein weiteres verlorenes jahr für den westbalkan wird. ich sage das ganz ernsthaft: viele verlorene jahre werden wir uns in dieser region nicht mehr leisten können. es ist eine situation, in der beispielsweise die politische lage in albanien auf der kippe steht. wir müssen den menschen zeigen, dass man mit reformen, mit aussöhnung und auch in zusammenarbeit mit der zivilgesellschaft bei uns auch erfolgreich sein kann und dass wir, die europäische union, zu unseren versprechen stehen, die wir gemacht haben. auch in albanien ist der reformprozess bemerkenswert angelaufen. die laufende korruptionsüberprüfung von richtern und richterinnen und staatsanwältinnen und staatsanwälten ist in der gesamten region beispiellos. es wäre meiner ansicht nach ein schwerer rückschlag für diese positive entwicklung albaniens, wenn wir jetzt nicht bereit sind, den nächsten schritt zu gehen. ganz klar: die eröffnung von beitrittsverhandlungen ist in keiner weise ein automatismus für einen eu-beitritt. wenn es danach mit reformen nicht weitergeht, wird es auf diesem weg auch nicht weiter vorangehen. wir haben genügend gelegenheiten, in diesem prozess weiterhin zu verlangen, dass genügend passiert. geben wir deswegen diesen ländern die chance, ihren transformations- und reformwillen mit unserer unterstützung noch besser unter beweis zu stellen. lassen wir tsipras und zaev nicht am ausgestreckten arm verhungern, weil wir nicht bereit sind, unsere europäische verantwortung zu übernehmen. frieden und demokratie in unserer nächsten nachbarregion des westlichen bal kans werden auch voraussetzung dafür sein, dass die europäische union an sich erfolgreich sein kann. danke sehr. das wort hat der kollege philipp amthor für die cdu/csu-fraktion."
38,01.02.2019,ID197803800,Philipp,Amthor,CDU/CSU,Philipp Amthor,"frau präsidentin! liebe kolleginnen und kollegen! es ist gut, dass die europäische kommission sich in ihrem arbeitsprogramm an einem grundsatz orientiert, den sich viele menschen in europa wünschen, sich nämlich nicht auf die kleinigkeiten, auf das klein-klein zu konzentrieren, sondern auf die großen herausforderungen, auf die herausforderungen, die mit echtem nachdruck vorangetrieben werden müssen, auf die herausforderungen, die europa einen mehrwert bringen. liebe kolleginnen und kollegen, die herausforderungen sind wirklich zahlreich. wenn man sich fragt, was eigentlich die größten aufgaben sind, vor die die europäische union jetzt gestellt ist, dann ist es gut, darauf zu schauen, warum die europäische union gegründet wurde. man hat die europäische union nämlich nicht gegründet, um zuallererst sozialtransfers durchzuführen, sondern man hat die europäische union gegründet, um einen funktionierenden binnenmarkt zu errichten, um wirtschaft zu fördern und um einen beitrag zur sicherheit unseres kontinents zu leisten. deswegen ist es mir als innenpolitiker wichtig, im rahmen dieser debatte den blick ein wenig auf die sicherheitsthemen zu richten, vor denen die europäische union in den nächsten monaten steht. das ist zweierlei: es ist zum einen die weiterentwicklung der europäischen sicherheitsunion, es ist aber natürlich zum anderen auch der weitere umgang mit der frage der steuerung und begrenzung der migration. was die sicherheitsunion angeht, so will ich anknüpfend an den kollegen florian hahn sagen: die größte bewährungsprobe für unsere sicherheitsunion ist der brexit, durch den wir einen schweren verlust hinnehmen müssen. deswegen ist es wichtig, dass wir als deutscher bundestag das zeichen senden: trotz brexit wünschen wir uns eine enge sicherheitskooperation mit großbritannien. wir werden auch selbst einiges tun müssen. die europäische kommission hat sich dazu bekannt, die europäische staatsanwaltschaft weiterzuentwickeln, ihr mandat auf die terrorismusbekämpfung zu erweitern. sie hat sich dazu bekannt, die interoperabilität, den austausch von daten zwischen den sicherheitsbehörden innerhalb der europäischen union zu verbessern. das ist notwendig, und das werden wir auch unterstützen. anknüpfend an die innenpolitische debatte des vormittags will ich aber auch noch einmal sagen: genauso wie in unserem land geht es auch in europa nicht nur um die frage, wie wir informationen zwischen den sicherheitsbehörden austauschen können, sondern es geht auch um die frage, wie wir informationen erheben können. deswegen wird für die cdu/csu-bundestagsfraktion die vorratsdatenspeicherung und anderes auch in zukunft ein wichtiges thema sein, und es wird wichtig sein, wehrhafte befugnisse der europäischen union gerade im cyberraum auf der agenda zu haben. das muss auch die europäische kommission umsetzen. wir wollen sicherheit auf der höhe der zeit. aber wir wissen auch: die größte herausforderung und die größte erschütterung in bezug auf das vertrauen in die sicherheit in der europäischen union verbinden sich mit dem thema migration. das ist nicht wegzuwischen. richtig ist auch das muss man sagen : die zahl der illegal nach europa gekommenen migranten hat sich drastisch reduziert; das ist auch gut so. wir sagen trotzdem: es sind noch zu viele. wir müssen besser werden bei der steuerung und begrenzung der migration. dafür brauchen wir die vollendung des gemeinsamen europäischen asylsystems. aber dafür brauchen wir nicht nur neue regelungen, sondern wir brauchen zum teil einfach besseren vollzug und bessere umsetzung. in diesem zusammenhang hat jean-claude juncker in seiner rede zum state of the union vorgeschlagen, dass wir neue stellen für frontex schaffen. das ist ambitioniert, und das ist ein thema, das uns künftig begleiten wird. aber ich will in aller deutlichkeit auch sagen: grenzschützer für frontex kann man nicht im expressversand bestellen, sondern grenzschützer müssen aus den nationalen mitgliedstaaten kommen. da ist für uns das wichtige das sage ich auch aus der perspektive des innenpolitikers : wir stehen zu frontex, aber wir können nicht hinnehmen, dass wir unsere bundespolizisten in einsätze schicken, bei denen sie nicht bessere kompetenzen haben als in unserem land. deswegen müssen wir nicht nur dafür arbeiten, dass neue stellen geschaffen werden, sondern wir müssen auch das thema befugnisse bei frontex voranbringen. nur dann kann der grenzschutz in der europäischen union auch wirklich funktionieren. ich will deutlich sagen: wir müssen es schaffen, für das thema migration lösungen zu finden, um den blick wieder frei zu machen für proeuropäische themen, für das, was die europäische union zusammenhält. das wichtige ist das motto des arbeitsprogramms der kommission, über das wir heute reden, und das ist das motto: versprochenes liefern und vorbereitungen auf die zukunft treffen. ich kann sagen: versprechen gehalten, das wollen wir nach der europawahl sagen, und dafür werden wir arbeiten. herzlichen dank. das wort hat der abgeordnete mario mieruch."
39,01.02.2019,ID197803900,Mario,Mieruch,fraktionslos,Mario Mieruch,"sehr geehrte frau präsidentin! sehr geehrte damen und herren! die pressemitteilung der europäischen kommission bezüglich des arbeitsprogramms lässt so manche wahrheit zwischen den zeilen ans licht kommen. refit, das programm zur gewährleistung der effizienz und leistungsfähigkeit der rechtsetzung der europäischen kommission, soll sicherstellen, dass die eu-rechtsvorschriften ihre ziele für die bürger wirksam, effizient und kostengünstig erreichen. refit soll die eu-rechtsvorschriften einfach halten, unnötigen verwaltungsaufwand abbauen und bestehende rechtsvorschriften ohne beeinträchtigung ihrer ziele entsprechend anpassen. so behauptet juncker, die bürger interessierten sich für vorschriften, die ihnen rechte verleihen. aber diese rechte scheinen schon lange nicht mehr für alle gleichermaßen zu gelten, schaut man auf den zig-fachen bruch der verträge von lissabon und maastricht ohne irgendwelche konsequenzen für die verantwortlichen. ganz im gegenteil: juncker will den rahmen für die rechtsstaatlichkeit des euros weiter stärken. mit anderen worten: was vorher illegalerweise einfach wieder und wieder gemacht wurde, wird jetzt einfach für legal erklärt. ja, wahrscheinlich könnte juncker recht haben, solche möglichkeiten finden bestimmt auch die bürger toll allein, für diese wird es so etwas niemals geben. manche sind eben gleicher als andere. die europäische kommission verfolgt aktuell zwei ziele, wie immer vor einer wahl: handlungswillen zu suggerieren und vor den zu erwartenden mehrheitsveränderungen schnell noch entscheidungen durchzudrücken, die dann ohne größere debatten wohl nicht mehr möglich wären. im hinblick auf die europawahlen finden wir von der blauen partei, dass es in der tat ein guter zeitpunkt für eine offene diskussion über grundlegende reformen des europäischen parlaments und der kommission sei. für klare entscheidungsverantwortlichkeiten könnten wir einmal darüber nachdenken, künftig gewählte vertreter nationaler parlamente zu entsenden. dieses neu gestaltete europäische parlament erhält das gesetzesinitiativrecht der kommission übertragen, die ihrerseits zu einer dienstleistungsbehörde verkleinert wird. das spart zusätzliche wahlen, unmengen an geld und verbessert die parität gemäß der mitgliedsgröße der staaten. für die zukunft unseres so wichtigen europäischen wirtschaftsverbunds hätten wir auch gleich eine aufgabe: für einen einfacheren freihandel könnte man evaluieren, ob sich nicht europäische und deutsche din-normen mit amerikanischen ul- und kanadischen csa-zulassungen harmonisieren lassen. unserem mittelstand würde dies endlich einmal eine vernünftige entlastung bieten. vielen dank. für die cdu/csu-fraktion hat nun dr. christoph ploß das wort."
40,01.02.2019,ID197804000,Christoph,Ploß,CDU/CSU,Christoph Ploß,"frau präsidentin! verehrte kolleginnen und kollegen! die großen herausforderungen, vor denen wir stehen, zwingen uns alle zur zusammenarbeit. sie können nicht im sinne des alten nationalstaatlichen denkens von den einzelnen ländern allein bewältigt werden. diese sätze sagte der damalige bundeskanzler und ehrenbürger europas, helmut kohl, im jahre . auch heute, mehr als jahre danach, sind diese sätze aktueller denn je; denn wenn wir über das programm der europäischen kommission diskutieren und uns anschauen, vor welchen herausforderungen wir heute stehen, ist vollkommen klar, dass wir diese als bundesrepublik deutschland nicht alleine bewältigen können. wir brauchen dafür starke europäische partner und ein starkes europa. das zeigt schon ein blick auf die bloßen einwohnerzahlen: die chinesen sind mehr als milliarde bürger auf der welt. auch indien hat deutlich mehr als milliarde einwohner. die usa haben immerhin noch millionen einwohner. staaten in afrika und asien wachsen rasant. allein der afrikanische staat nigeria wird nach uno-schätzungen im jahr vermutlich millionen einwohner haben. das entspricht der zahl der bürger der gesamten europäischen union. deutschland hat heute circa millionen einwohner und ist damit das größte land der europäischen union. aber darauf haben auch meine vorredner richtigerweise hingewiesen wir sind im weltmaßstab und im vergleich zu den anderen staaten klein. deswegen werden wir in der weltpolitik nur als vereintes europa eine rolle spielen und unserer stimme dort gehör verschaffen können. daher sind auch die angriffe, die wir hier immer wieder vom linken und rechten rand dieses hauses hören, so gefährlich wenn sahra wagenknecht die europäische union als projekt der ausbeuter bezeichnet oder wir bei der afd sogar stimmen hören, die mit dem dexit liebäugeln und einen austritt deutschlands aus der europäischen union vorantreiben wollen. das ist der absolut falsche weg. meine damen und herren, deswegen ist es so wichtig, dass wir die vernünftigen kräfte im deutschen bundestag stärken und uns europa nicht durch angriffe von links und rechts kaputtmachen lassen. denn europa ist letztlich wie ein haus, in dem wir leben und das wir auch zum leben brauchen, das generationen vor uns erbaut haben, das wir aber in zukunft weiterbauen und auch immer wieder renovieren müssen. herr ploß, gestatten sie eine frage oder bemerkung des abgeordneten weyel? gerne doch. danke für die zulassung der frage, lieber dr. ploß. es ist ja generationsübergreifend so, dass immer die gleiche rhetorik die europäische angelegenheit begleitet, von wegen: jedes land ist einzeln zu klein, selbst das relativ große deutschland usw. usf. auf der anderen seite sehen wir aber, dass norwegen oder die schweiz durchaus direkt mit china und sogar mit den usa verträge schließen. small is beautiful , hat mal hermann lübbe, ein philosoph, der sich von der schweiz aus des ganzen angenommen hat, gesagt. zunächst eine korrektur: wir wollen eine substanzreform; der dexit ist kein selbstzweck, kein l’art pour l’art. um das zu bewirken, muss man eventuell einen anderen ansatz verfolgen, nachdem es jetzt über jahre nichts mit einer substanzreform geworden ist. wir müssen auch feststellen, dass der binnenmarkt eigentlich nicht realisiert wurde. der cecchini-report hat ende der -jahre festgestellt, dass in den damals vier jahrzehnten noch nicht mal der binnenmarkt verwirklicht wurde. die wohlwollendste kritik der können sie sich vielleicht anschließen ist doch, dass wir es bei der eu mit einer versicherung zu tun haben, mit einer überversicherungsgesellschaft. die kommission agiert als vorstand einer solchen versicherung. es wird mit einem grellen prospekt gearbeitet. es gibt leistungsversprechen, die im fall des falles nicht eingehalten werden. würden sie die leistungsversprechen von schengen und dublin, die uns ja dahin geführt haben, zu sagen, dass wir den großen rahmen, die gemeinsame außengrenze haben wollen, als erfüllt ansehen? wenn nein, was ist ihr ansatz, um zu erzwingen, dass das, was im kleingedruckten steht, auch geliefert wird? danke schön. das niedermachen und schlechtmachen der europäischen union und europas teile ich in keiner weise, und ich habe ja am anfang meiner rede hier auch energisch widersprochen. denn wenn man sich die geschichte der letzten jahrzehnte anschaut, dann erkennt man, dass unsere vorfahren das friedensprojekt europa begründet haben. es ist alles andere als selbstverständlich, dass wir hier auf dem europäischen kontinent in frieden leben. in allen jahrhunderten gab es in europa krieg. es mag für die jüngeren generationen eine selbstverständlichkeit sein, dass kein krieg herrscht; das war es aber jahrhundertelang nicht. deswegen ist ihr zündeln auch so gefährlich; denn es kann am ende den frieden in europa gefährden. sie haben wirtschaftliche punkte angesprochen. darauf möchte ich kurz eingehen. man muss doch sagen: europa ist einer der attraktivsten wirtschaftsräume der welt. wir sind doch nicht umsonst in der ganzen welt so angesehen. das ist doch ein grund dafür, dass viele menschen nach europa wollen. viele menschen auf anderen kontinenten sagen: wir wollen demokratie, menschenrechte, meinungsvielfalt und toleranz wie in europa haben. ich möchte, dass wir diese europäischen werte bewahren und stärken. deswegen ist das, was sie hier machen, so gefährlich. ich kann ihnen nur sagen, auch im namen meiner fraktion und aller demokraten hier im hause: wir werden das in den nächsten wochen deutlich machen, damit bei der europawahl die menschen europa stärken und am ende das friedens-, wirtschafts- und sicherheitspolitische projekt europa neue kraft bekommt. meine damen und herren, damit es so bleibt, müssen wir jetzt handeln. denn die aufgabe unserer generation ist es das hat der kollege philipp amthor eben vollkommen zu recht dargelegt , europa zu einem außen- und sicherheitspolitischen akteur zu formen, einem akteur, der auch in der weltpolitik handlungsfähig ist, zum beispiel beim syrien-konflikt, bei handelspolitischen konflikten oder natürlich auch bei den großen migrationsfragen. das beste beispiel, das wir in der jüngeren vergangenheit erlebt haben, war doch der handelsstreit zwischen den usa und der europäischen union, bei dem wir als europäische union die verhandlungen mit donald trump am ende erfolgreich abgeschlossen haben, weil wir mit einer stärke von millionen europäern im rücken auftreten konnten. das dürfen wir uns nicht kaputtmachen lassen. wir werden aber nur dann eine rolle als starker außenpolitischer akteur in der weltpolitik spielen, wenn wir das einstimmigkeitsprinzip aufgeben und die europäischen nationalstaaten den mut haben, kompetenzen auf die europäische ebene zu verlagern. da unterstützen wir als unionsfraktion die ansätze der kommission, weil es anders nicht gehen wird, wie es auch der kollege gunther krichbaum in seiner rede hier dargelegt hat. da möchte ich ihn mit nachdruck unterstützen. wenn wir über die übertragung von kompetenzen auf die europäische union sprechen, dann möchte ich aber auch hervorheben, dass es natürlich nicht sinnvoll ist, automatisch alle kompetenzen auf europa zu übertragen. die entscheidungskompetenz über den bau von örtlichen straßen, von radwegen, von marktplätzen soll natürlich weiterhin bei den nationalstaaten oder bei den kommunen verbleiben. das soll nicht auf die europäische ebene verlagert werden. das entspricht dem häufig zitierten subsidiaritätsprinzip, für das wir uns als cdu/csu-fraktion mit besonderer leidenschaft einsetzen. das subsidiaritätsprinzip gilt auch bei den steuersätzen. wenn wir es ernst nehmen, dann brauchen wir natürlich nicht von lissabon bis tallinn einheitliche steuersätze. im gegenteil: da muss es unterschiede geben. das befeuert auch den wettbewerb der staaten untereinander. deswegen sehen wir die ansätze, die auf einheitliche steuersätze zielen, kritisch. am ende brauchen wir eine schlanke, effiziente europäische union, die sich um die großen fragen kümmert. nur so kann europa in zukunft erfolgreich und das europäische haus sturmfest sein. herzlichen dank. ich schließe die aussprache."
41,01.02.2019,ID197804100,Steffi,Lemke,BÜNDNIS 90/DIE GRÜNEN,Steffi Lemke,"frau präsidentin! liebe kolleginnen und kollegen! im sommer des letzten jahres strandete zwischen thailand und malaysia ein wal, erbrach fünf tüten und verendete dann an diesem strand. ein wissenschaftler konstatierte nach der obduktion lapidar: mit plastiktüten im magen stirbt ein wal. der nabu spricht davon, dass pro jahr mindestens million meeresvögel an plastik verenden. in prozent der nester von basstölpeln auf helgoland sind plastikstricke oder andere sachen verarbeitet, die dazu führen, dass sich jungvögel strangulieren. mikroplastik findet sich auf dem gesamten planeten in der antarktis, in allen deutschen flüssen, in bergtälern, in salz, honig, wasser, in unserer atemluft, auch in diesem raum hier. die folgen für die menschliche gesundheit sind bisher nicht erforscht. ich halte es für ein gravierendes defizit, dass wir nicht wissen, was mikroplastik im menschlichen organismus verursacht. wir wissen aber, dass der menschliche körper permanent mikroplastik aufnimmt. die meisten von ihnen dürften relevante mengen davon im körper tragen. wir wissen, dass sich schadstoffe an mikroplastik anlagern, und wir wissen, dass mikropartikel, nanopartikel zellmembranen und die blut-hirn-schranke durchdringen können. so weit die problemlage, kurz und knapp geschildert. verursacher ist die weltweite plastikproduktion, die inzwischen bei knapp millionen tonnen pro jahr liegt. der größte teil davon wird weder entsorgt noch recycelt, sondern reichert sich in der umwelt an, und das seit zig jahren. europa ist nach china der zweitgrößte plastikproduzent weltweit. und deutschland ist innerhalb europas einer der hauptverursacher wenn nicht gar der hauptverursacher des plastikproblems, und zwar in produktion, in verbrauch und als exporteur. deshalb hat deutschland eine besondere verantwortung, dieses weltweite problem endlich in den griff zu kriegen, insbesondere wenn man bedenkt das kommt zur problemlage hinzu , dass deutschland bis einen großteil seiner plastikabfälle nach china exportiert hat. das war schön, das war billig; das wurde auf die recyclingquote angerechnet. man konnte mit dem finger auf den plastikstrudel im pazifik zeigen und sagen: guckt mal, die asiaten! das hat mit uns ja nichts zu tun; das betrifft ja die asiatischen flüsse! seitdem china aus umweltschutzgründen ein importverbot für plastikabfälle verhängt hat, geht jetzt ein großteil der abfälle nach malaysia, nach bulgarien, nach rumänien und nach polen. sie finden sich dort in wilden deponien wieder, werden abgefackelt und gelangen in die umwelt. deshalb hat deutschland eine besondere verantwortung, sich des plastikproblems endlich anzunehmen. damit meine ich nicht den lächerlichen fünf-punkte-plan, den umweltministerin schulze im letzten herbst vorgelegt hat. damit meine ich definitiv nicht jahrelange verhandlungen über freiwillige selbstverpflichtungen der hersteller, kosmetika und waschmitteln wenigstens keine absolut überflüssigen plastikprodukte beizumischen. das meine ich dezidiert nicht; denn das wird das problem nicht lösen. man kann nur sagen: gott sei dank haben wir europa! gott sei dank haben wir die europäische kommission, die europäische union und das europäische parlament! denn diese haben im letzten herbst eine antiplastikstrategie vorgelegt, die relevante punkte zur plastikreduktion enthält, und zwar ein verbot von besonders umweltschädlichen produkten, die besonders leicht in die umwelt gelangen, und eine produkthaftung der hersteller, die diejenigen, die die produkte produzieren, in die finanzielle verantwortung nimmt. mit den anträgen, die meine kollegin hoffmann und ich ihnen heute namens der grünenfraktion vorlegen, gehen wir darüber hinaus. wir fordern die bundesregierung auf: gehen sie voran! setzen sie so wie andere europäische staaten, wie frankreich, wie schweden, wie sogar österreich in nationales recht um, was heute bereits geht! warten sie nicht bis , sondern tun sie jetzt etwas! und vor allem: erlassen sie ein moratorium für den export in diejenigen staaten, bei denen die müllentsorgung und das recycling einen niedrigeren standard haben als in deutschland! sorgen sie dafür, dass diese unsäglichen exporte deutschen plastikmülls weltweit gestoppt werden! danke. das wort hat die kollegin marie-luise dött für die cdu/csu-fraktion."
42,01.02.2019,ID197804200,Marie-Luise,Dött,CDU/CSU,Marie-Luise Dött,"frau präsidentin! meine damen und herren! um es heute noch einmal klar und deutlich zu sagen: deutschland ist auf dem gebiet der kreislaufwirtschaft weltweit führend. abfallsammel- und verwertungslösungen made in germany sind weltweit ein exportschlager. die bürger sammeln und trennen abfälle, weil sie wissen, dass das für die umwelt und den ressourcenschutz gut ist. unsere unternehmen und die beschäftigten im bereich der abfallwirtschaft sind hochmotiviert, engagiert, verantwortungsbewusst und vor allem innovativ. und wir haben in unserem land einen politischen rahmen gesetzt, der die kreislaufwirtschaft weiter voranbringen wird. aber, meine damen und herren, nichts ist so gut, dass es nicht noch besser werden kann. deshalb haben wir in der vergangenen legislaturperiode wichtige regelungen beschlossen. dazu gehören das elektro- und elektronikgerätegesetz, die klärschlammverordnung und die gewerbeabfallverordnung. und auch das thema plastikabfälle haben wir mit der weiterentwicklung der verpackungsverordnung zu einem verpackungsgesetz einen wichtigen schritt vorangebracht. denn es ist richtig, dass ein großer teil von abfällen aus verpackungen resultiert. genau deshalb haben wir höhere sammel- und verwertungsquoten für alle arten von verpackungsabfällen festgeschrieben. und wir haben mit der zentralen stelle verpackungsregister die kontrolle im wettbewerblich organisierten system verbessert. das verursacherprinzip findet jetzt deutlich konsequenter anwendung; das liegt uns besonders am herzen. genau das reduziert nämlich verpackungen und sorgt für besseres recycling. meine damen und herren, wichtig ist es, mehr abfälle stofflich zu verwerten. hier müssen wir gerade bei plastikabfällen besser werden. dafür gibt es zwei wesentliche voraussetzungen: erstens. recyclate, die aus den abfallverwertungsanlagen kommen, müssen stofflich möglichst homogen sein. mischabfälle oder recyclate mit hohem verschmutzungsgrad gehen häufig in die verbrennung. dazu sind sie zu schade. deshalb haben wir mit dem verpackungsgesetz dafür gesorgt, dass für verpackungen, die aus unterschiedlichen kunststoffen bestehen, die lizenzgebühren höher sind. eine weitere voraussetzung für eine hohe sortenreinheit der recyclate sind moderne sortieranlagen. hier sehen wir durch erhebliche investitionen der entsorgungswirtschaft gute fortschritte. eine hohe qualität der recyclate ist aber nur die eine seite. wir brauchen zweitens anreize für hersteller, recyclate für neue produkte zu nutzen. deshalb haben wir die lizenzgebühren für verpackungen auch davon abhängig gemacht, ob recyclat verwendet wird. auch europa hat das erkannt. mit der richtlinie über die verringerung der auswirkungen bestimmter kunststoffe auf die umwelt wird vorgegeben, dass pet-flaschen bis prozent und bis prozent recyceltes plastik enthalten müssen. und auch die wirtschaft handelt. eine reihe von herstellern und handelsketten hat bereits konkrete maßnahmen, zum beispiel die auslistung von einwegprodukten oder den verzicht auf plastiktüten, umgesetzt oder angekündigt. die reduzierung von plastiktüten und einwegverpackungen oder die selbstverpflichtung zur reduzierung des einsatzes von mikroplastik bei kosmetika und reinigungsmitteln sind beispiele. wir als politik sollten hier kooperative lösungen unterstützen gerade auch bei der abfallvermeidung. meine damen und herren, abfälle, gerade plastikabfälle, sind ein globales problem. deshalb ist es wichtig, das thema stärker in der entwicklungszusammenarbeit zu berücksichtigen. wir haben im haushalt millionen euro speziell dafür bereitgestellt. wir sollten bei den projekten partner aus der wirtschaft suchen, die die projekte mitfinanzieren und auch mit umsetzen. ich weiß, dass viele unternehmen, gerade auch aus der entsorgungsbranche, dazu bereit sind. die projektebene ist das eine. wir brauchen aber auch einen möglichst verbindlichen internationalen rechtsrahmen zur müllvermeidung und zum schutz der meere. es war deshalb wichtig, dass deutschland die reduzierung der meeresvermüllung im rahmen der internationalen zusammenarbeit zum beispiel bei den g- - und g- -treffen auf die tagesordnung gesetzt hat. die entwicklung eines internationalen rechtsrahmens braucht einen langen atem wir werden hier nicht nachlassen. meine damen und herren von den grünen, ihr antrag zur verminderung der meeresvermüllung enthält durchaus sinnvolle ansätze. leider hinkt aber eine reihe von forderungen der wirklichkeit hinterher. zur reduzierung von plastikeinwegprodukten werden wir die europäischen regelungen jetzt umsetzen. auch mit blick auf internationale aktivitäten tun sie so, als würden wir bei null anfangen. bereits in der vergangenen legislaturperiode haben wir die netzverluste in der fischerei adressiert, wenn sie sich erinnern. meine damen und herren von den grünen, ihr erster antrag beinhaltet ein sammelsurium an undifferenzierten forderungen zu produktverboten und natürlich auch die forderung nach einer rekommunalisierung der abfallentsorgung. ihre forderungen im zweiten antrag zur reduzierung der meeresvermüllung sind vielfach in der umsetzung. deshalb werden wir beide anträge ablehnen. aber auch das will ich sagen: der antrag zur vermüllung der meere enthält auch eine reihe sinnvoller vorschläge im internationalen bereich, über die wir gerne diskutieren können. eine erste gelegenheit dazu haben wir beim fachgespräch zum thema ocean governance im umweltausschuss am . februar . dann können wir zusammen weiter agieren. vielen dank. vielen dank, marie-luise dött. einen schönen tag, liebe kolleginnen und kollegen! der nächste redner von der und für die afd-fraktion: andreas bleck."
43,01.02.2019,ID197804300,Andreas,Bleck,AfD,Andreas Bleck,"schönen guten tag, frau präsidentin! werte kolleginnen und kollegen! plastik ist weder gut noch böse. stattdessen ist der umgang mit plastik entscheidend. plastikabfälle, die eingesammelt und verwertet werden, stellen kaum oder keine probleme für die meere dar. dass sich die plastikvermüllung der meere überhaupt zu einem großen problem entwickelt hat, liegt vornehmlich an afrikanischen und asiatischen staaten, die weltweit zu den größten verursachern gehören. verantwortlich ist unter anderem die fehlende sensibilisierung der dortigen bevölkerungen für die umwelt. plastikabfälle werden einfach in die flüsse entsorgt, die wiederum entwässern direkt in den meeren. durch die meeresströmungen werden die plastikabfälle weltweit verteilt und bleiben nicht das alleinige problem der verursacher. daher ist es ja durchaus sinnvoll, eine internationale konvention zur beendigung des eintrags von plastik abfällen einzusetzen. ob man aber mit sanktionen bei zuwiderhandlung ausgerechnet die weltweit größten verursacher beteiligen kann, darf bezweifelt werden. vielmehr muss die wirtschaftliche zusammenarbeit mit schwellen- und entwicklungsländern stärker an umweltpolitische bedingungen geknüpft werden. nur mit dem dortigen einsammeln und verwerten von plastikabfällen lässt sich die plastikvermüllung der meere im weltweiten maßstab reduzieren. dabei ist die verbrennung von plastikabfällen aus kostengründen erfolgversprechender und daher dem recycling vorzuziehen. im vergleich zu den afrikanischen und asiatischen staaten ist die plastikvermüllung der meere durch die staaten der europäischen union gering. der eintrag von makroplastik beispielsweise in die deutschen nordsee- und ostseegewässer findet in der regel illegal statt. wegwerfartikel aus plastik wegen mancher illegaler entsorgung grundsätzlich zu verbieten, würde einem grundsätzlichen verbot des autofahrens wegen fahrens mancher bürger ohne führerschein gleichkommen. ein verbot trifft rechtstreue und straffällige bürger gleichermaßen. das ist aus unserer sicht unverhältnismäßig. bezüglich mikro- und nanoplastik muss wissenschaftlich belegt werden, ob und, wenn ja, welche gesundheitlichen auswirkungen sie auf lebende organismen haben. die forschung dazu steckt in den kinderschuhen. alles in allem sind viele forderungen der grünen nicht gerechtfertigt. stattdessen werden die grünen wieder einmal ihrem ruf als verbots- und sanktionspartei gerecht. eine abgabe auf wegwerfartikel aus plastik folgt dem bewährten motto dramatisieren, drangsalieren, abkassieren . der einfallsreichtum der grünen kennt dabei keine grenzen. ob teure energiewende nebst ausstieg aus der kohle- und kernenergie oder die geplanten co - und plastiksteuern, letztendlich wird der bürger zur kasse gebeten. darüber hinaus wird ein tempolimit auf autobahnen gefordert, um den eintrag von mikroplastik zu reduzieren. freie fahrt für freie bürger soll, wenn es nach den grünen geht, abgeschafft werden. inwieweit der eintrag von mikroplastik dadurch reduziert werden kann, ist wissenschaftlich ebenfalls nicht belegt; aber hauptsache mal ein tempolimit gefordert. tatsächlich wird der höchste eintrag von mikroplastik nach studien des fraunhofer-instituts vom reifenabrieb verursacht. daher setzen wir auf die innovationsfähigkeit der reifenhersteller zur erforschung anderweitiger materialien, die den abrieb verringern und damit die haltbarkeit verlängern. auch die erhöhung der recyclingquote von plastik abfällen in deutschland unterstützen wir als richtigen und wichtigen schritt. allerdings ist den meeren, die von der plastikvermüllung bereits stark betroffen sind, mit dieser prävention nur bedingt geholfen. aus diesem grund müssen wir trotz rückschritten, wie beim projekt ocean cleanup , innovative projekte zur säuberung der meere fördern. zu guter letzt möchte ich noch auf folgendes hinweisen: aber kurz. mit dem ökologismus verhält es sich wie mit allen anderen tugenden: man verpflichtet andere nicht dazu, sondern handelt selbst danach. führung durch vorbild, nur das ist glaubwürdig. vielen dank. vielen dank, herr kollege. nächster redner für die bundesregierung: der parlamentarische staatssekretär florian pronold."
44,01.02.2019,ID197804400,Florian,Pronold,SPD,Florian Pronold,"sehr geehrte frau präsidentin! liebe kolleginnen! liebe kollegen! ich bin ja froh, dass die afd zumindest beim meeresschutz erkennt, dass internationale zusammenarbeit wichtig ist. es wäre gut, wenn man auch bei anderen themen auf den gedanken käme, dass man probleme, die die ganze welt betreffen, nur lösen kann, wenn man sich nicht hinter nationale grenzen zurückzieht, sondern die dinge international angeht. das war die erste bemerkung. wenn sie eine zwischenfrage stellen wollen, dann melden sie sich halt. die zweite bemerkung. in ihrer rede war ein gewisser widerspruch vorhanden. zuerst haben sie gesagt, die verbrennung von plastik sei günstiger und deswegen vorzuziehen, und nachher sind sie trotzdem für höhere recyclingquoten eingetreten. das habe ich nicht verstanden. ich finde es richtig, dass man sagt diesen weg geht jetzt auch die europäische union : unsinniges plastik, dessen einsatz ökologisch unverantwortlich ist, muss verboten werden. das haben wir unterstützt, das werden wir weiter unterstützen. das ist der richtige weg. wenn plastik zum einsatz kommt es gibt viele bereiche, wo plastik notwendig und auch ökologisch vorteilhafter ist , gehört es anschließend recycelt und nicht verbrannt. vor allem gehört es nicht in die umwelt. wir haben mit dem verpackungsgesetz jetzt zum ersten mal die recyclingquoten spürbar angehoben. ich finde das richtig, weil es ein unding ist, dass viele menschen den müll trennen und sich ökologisch verhalten, doch zwei drittel des gesammelten plastiks, wie es so schön heißt, der thermischen verwertung zugeführt werden dürfen, was nichts anderes heißt, als dass es verbrannt wird. wir drehen künftig das verhältnis um. das setzt aber voraus, dass das plastik, das gesammelt wird, recycelbar ist. deswegen haben wir mit dem verpackungsgesetz eine entscheidende wende vorgenommen: wir bevorteilen ökologisch sinnvolle, leicht zu recycelnde verpackungen und pönalisieren die anderen aus irgendwelchen gemischen, die man nicht recyceln kann. das ist der richtige ansatz, um zu effektiven und guten veränderungen zu kommen. genauso wie sie habe auch ich die berichte über die probleme, die mit dem müllexport einhergehen, gesehen. ich finde, wir können nicht einfach so tun, als gebe es das nicht. da muss gehandelt werden. aber, liebe grüne, ich weise sie auf folgendes hin: die gesetzeslage haben wir in den letzten jahren entsprechend verändert und verschärft. das, was dort geschildert wird, sind illegale praktiken. ich finde, wir sollten gemeinsam darauf schauen denn das liegt in der verantwortung der länder , dass auch kontrolliert wird. ich habe den eindruck, dass es da große defizite gibt. ein gutes gesetz hilft nichts, wenn seine einhaltung nicht kontrolliert wird. ich finde, es wäre fair, in dieser debatte darüber zu reden da sollten wir ansetzen , wie wir tatsächliche verbesserungen erreichen können. es geht nicht nur um die richtigen gesetze, sondern auch um den vollzug. eine letzte bemerkung, die sich auf die internationale meeresvermüllung bezieht: ich bin der früheren umweltministerin barbara hendricks sehr dankbar für ihre initiative, die dazu geführt hat, dass wir auf internationaler ebene, bei g und g , das thema meeresvermüllung an die erste stelle gesetzt haben. ohne die initiative deutschlands wäre auf diesem gebiet weltweit so gut wie nichts passiert. nun gibt es eine vielzahl von initiativen und vereinbarungen. auch wir haben in unseren haushaltsberatungen beschlossen, dass wir im rahmen der internationalen zusammenarbeit zukünftig millionen euro aufwenden werden, um die haupteintragsquellen für die meeresvermüllung anzugehen. eine allerletzte bemerkung. ich kann mich noch gut an die debatte über das wertstoffgesetz erinnern, liebe grüne. ich hätte mich gefreut, wenn die grünen damals nicht blockiert hätten. wenn sie nicht blockiert hätten, hätten wir nicht nur verpackungen, sondern auch andere wertstoffe aus plastik in dieses gesetz einbeziehen können. vielen dank, florian pronold. nächster redner für die fdp-fraktion: frank sitta."
45,01.02.2019,ID197804500,Frank,Sitta,FDP,Frank Sitta,"sehr geehrte frau präsidentin! liebe kolleginnen und kollegen! die verschmutzung der weltmeere durch plastik ist ohne zweifel eines der größten umweltprobleme unserer zeit und stellt uns vor eine globale herausforderung. hierzu hat meine fraktion bereits im letzten jahr einen antrag vorgelegt. nun also haben auch die grünen das thema entdeckt und nutzen die gelegenheit direkt, um auch uns das böse plastik auszutreiben. um das problem des plastiks in den weltmeeren zu lösen, müssen wir gezielt den blick auf die tatsächlichen ursachen und regionen richten, aus denen derzeit plastik in die weltmeere gelangt. während die kunststoffkreisläufe in deutschland mit über prozent fast vollständig geschlossen sind, werden in entwicklungs- und schwellenländern abfälle, die keinen oder nur einen niedrigen ressourcenwert haben, in flüssen entsorgt oder einfach ins meer gekippt. so ist es nicht verwunderlich, dass prozent des plastikeintrags in die weltmeere über flüsse in asien und afrika erfolgt. in deutschland verstehen wir müllentsorgung als teil der daseinsvorsorge und somit als staatliche aufgabe. zudem besitzen die bürgerinnen und bürger in deutschland ein hohes umweltbewusstsein. ungeachtet dessen wird ihnen jetzt vorgespielt, dass mit dem verzicht auf plastiktüten, trinkhalme oder ohrenstäbchen die welt gerettet werden kann. ich will ganz ehrlich sein: ich warte eigentlich noch darauf, dass jemand von ihnen, von den grünen, hier die plastikwende ausruft; das fehlt eigentlich noch. es tobt bereits der kulturkampf ums auto. sie, liebe kolleginnen und kollegen von den grünen, nutzen das thema und fordern hier wieder einen ihrer greatest hits: ein tempolimit auf deutschen straßen. ich muss sie leider enttäuschen: nicht mit uns! wir freien demokraten verfolgen einen anderen ansatz. statt die bürgerinnen und bürger mit immer neuen verboten, quoten und staatlichen abfallzielvereinbarungen zu konfrontieren, bekämpfen wir die tatsächlichen ursachen. dabei setzen wir konsequent auf zwei dinge: erstens setzen wir auf internationale abkommen, aber auch auf know-how-transfer, um entwicklungs- und schwellenländer in die lage zu versetzen, abfall fach- und sachgerecht zu entsorgen. zweitens setzen wir auf forschung und erprobung innovativer technologien: abriebfestere reifen statt ideologisch motivierte tempolimits, innovative kläranlagenfilter statt mikroplastikverbote oder innovative kunststoffrecyclingsysteme in schwellenländern statt pauschale exportverbote. so und nur so werden wir unserer verantwortung und unserem anspruch als forschungs- und industrienation gerecht. meine damen und herren, das ist nachhaltig, das ist zukunftsorientiert; immer neue verbote, strafzahlungen und willkürlich ausgewählte produkte, staatlich festgelegte abfallmengen oder quoten sind es jedenfalls nicht. herzlichen dank für ihre aufmerksamkeit. vielen dank, herr kollege sitta. nächster redner für die fraktion die linke: ralph lenkert."
46,01.02.2019,ID197804600,Ralph,Lenkert,DIE LINKE,Ralph Lenkert,"sehr geehrte frau präsidentin! geehrte kolleginnen und kollegen! die bilder von an plastiktüten krepierten schildkröten gehen uns nicht aus dem kopf, und jeder von uns erschrickt, wenn er die riesigen müllstrudel in den ozeanen sieht. doch was folgt daraus? wie die strudel drehen sich gesellschaft und politik in deutschland im kreis, wenn es um müllvermeidung geht. wir sind sehr gut bei recyclingquoten, aber bei der abfallmenge eben auch. deutschland ist leider europameister beim verpackungsmüll: kilogramm pro einwohner und jahr. prozent werden zwar recycelt; trotzdem bleiben kilogramm abfall, und ein teil geht über die flüsse ins meer. kubikmeter müll liegen auf dem grund der nordsee; ein großer teil stammt aus deutschland. statt auf plastikvermeidung und verpackungsreduzierung setzt die deutsche industrie auf wettbewerbsfreiheit und weniger vorschriften. und die regierung? die spart beim vollzug, verwässert gesetze und grenzwerte. und dann scheinheilig appelliert die bundesregierung an die verbraucherinnen und verbraucher, sie mögen doch ein höheres umweltbewusstsein entwickeln. viele von uns trennen fleißig den müll, bestellen aber gedankenlos online produkte, die sie nicht selten wieder zurücksenden. wenn handelskonzerne aus logistikgründen einen usb-stick in ein mal zentimeter großes plastikteil einschweißen, wenn ein neu gekauftes hemd in einer kiste kommt, in die ein staubsauger passen würde, wenn die neue waschmittelverpackung nur zur hälfte befüllt ist, dann ist das verpackungsmittelverschwendung, und diese verschwendung kann man durch vorschriften ändern. selbst ein umweltbewusster bürger hat in diesem land keine chance, verpackungsmüll komplett zu vermeiden. verpackungen sind einfach zu billig. auch die appelle an die bürgerinnen und bürger helfen nicht, wenn einige achtlos kippen, abfälle und tüten fallen lassen. kenia, ruanda, etliche afrikanische länder haben plastiktüten verboten. in singapur warten horrende strafen, wenn man müll achtlos entsorgt. deutschland ist schon lange kein vorbild mehr. deswegen begrüßt die linke die anträge der grünen strategie gegen plastikmüll jetzt umsetzen und verschmutzung der meere plastikflut unverzüglich stoppen als längst überfällig. wir freuen uns, dass viele forderungen der grünen deckungsgleich mit forderungen der linken sind. wir stimmen beispielsweise überein, dass die pfandpflicht auf alle einwegflaschen ausgedehnt werden muss. wir sind der meinung, sie muss auf alle getränke ausgedehnt werden. wir fordern, dass die wertstofftonne kommunal wird. diese wertstofftonne erfasst dann mehr abfälle, die gewinne kommen den kommunen zugute und senken die abfallgebühren; das ist ein richtiger schritt. die zielstellung, dass wir pro kopf und jahr unter kilogramm verpackungsmüll erzeugen sollen, ist vernünftig. dafür brauchen wir auch regelungen für mehr mehrweg statt einweg. all diese forderungen unterstützt die linke. zusätzlich brauchen wir stärkere umweltbehörden: wir brauchen personal, das gegen illegale müllentsorgung vorgeht. wir brauchen personal in zollbehörden, die illegale müllexporte verhindern. und wir brauchen auch personal, welches das achtlose wegwerfen ein bisschen unterbindet; denn leider ist das bewusstsein nicht bei allen da. und wir brauchen natürlich auch längere nutzungszeiten für technische geräte; das ist ressourceneinsparung. als techniker kann ich es nicht verstehen, dass man eine ikea-leselampe nach zwei jahren wegwerfen muss, weil es unmöglich ist, den kaputtgegangenen leuchtkörper zu ersetzen. so etwas muss verboten werden, technische geräte müssen reparierbar und upgradebar sein. wir fordern weiter regionale kreisläufe; das spart transporte, das spart reifenabrieb. und wenn hier jemand sagt, er will die reifen härter machen, dann soll er einmal einen autoexperten in seiner fraktion fragen, was der dazu sagt. dann verlängert sich nämlich der bremsweg. wenn bei härteren reifen der bremsweg gleich lang bleiben soll, dann müssten sie über ein tempolimit auf den autobahnen nachdenken. das wollen sie nicht. also lassen sie uns zumindest die transportmengen reduzieren; dann haben wir auch etwas gegen den reifenabrieb getan. ich kann auch nicht verstehen, warum man in der bundesrepublik kein verbot von tüten durchsetzen kann wie in ruanda oder kenia. sind wir denn so viel unfähiger, ersatz dafür zu finden, als diese afrikanischen länder? das sollte uns doch möglich sein. wir sind schließlich ein hochtechnologieland. natürlich sind wir der meinung, dass wir keinen müll mehr ins ausland exportieren dürfen. müll, der hier anfällt, muss hier beseitigt und entsorgt werden. statt müll zu exportieren, sollten wir recyclinganlagen und entsorgungssysteme in entwicklungsländer und andere länder liefern. das schont die umwelt und schützt unsere meere. liebe zuhörerinnen und zuhörer, umweltschäden treffen immer zuerst die, die am wenigsten dafür können. die meeresverschmutzung trifft wasserlebewesen wie fische und meeressäuger, anschließend fischer. die menschen in den ärmsten ländern können sich dann fisch nicht mehr leisten. in folge steigen die preise, es gibt hunger und flucht. wir alle kennen die negativen folgen der politik, die die plastikflut nicht eindämmt. wir alle fast alle finden, es ist an der zeit, zu handeln. diese zeit ist gekommen. deswegen bitte ich sie, die anträge der grünen zu unterstützen. und ich bitte die union und sie, frau dött : verlassen sie den kreisel der selbstzufriedenheit mit dem erreichten und das verstecken hinter international notwendigen vereinbarungen! handeln sie hier in unserem lande; es ist bitter nötig. vielen dank. vielen dank, ralph lenkert. nächster redner: björn simon für die cdu/csu-fraktion."
47,01.02.2019,ID197804700,Björn,Simon,CDU/CSU,Björn Simon,"frau präsidentin! sehr geehrte kolleginnen und kollegen! etwas positives hat das thema ja: anscheinend sind wir hier im haus einer meinung darüber, dass plastikmüll in unseren meeren nichts zu suchen hat. trotzdem debattieren wir hier über eines der größten globalen probleme unserer zeit. wir alle kennen die videos und fotos von stränden auf der ganzen welt, die im plastikmüll versinken. ein über million quadratkilometer großer müllteppich treibt in unseren ozeanen; das entspricht der fläche von ägypten. selbst in den entlegensten regionen das wurde schon gesagt , selbst in der arktis wird man fündig. daran sehen wir doch, dass unser wissen über das gesamte ausmaß der globalen umweltverschmutzung durch plastikmüll begrenzt ist. uns fehlen gesicherte kenntnisse über die herkunft von kunststoffen in den meeren, deren verhalten in meeren, in binnengewässern, aber auch im boden sowie über die auswirkungen auf menschen, tiere und die pflanzenwelt. in der folge beauftragen wir die forschung nicht nur das wurde auch schon richtig gesagt , um mehr über die dimensionen der vermüllung an sich zu erfahren, sondern auch, um konkret gegenmaßnahmen zu entwickeln, um plastikeinträge in die umwelt substanziell zu verringern. eines der größten forschungsprojekte weltweit in diesem bereich trägt den titel plastik in der umwelt quellen, senken, lösungsansätze und wird bereits seit oktober durch das bundesministerium für bildung und forschung mit rund millionen euro gefördert. damit trägt deutschland dazu bei, die biologische abbaubarkeit bestimmter kunststoffe signifikant zu verbessern, sodass ein vollständiger abbau ohne gefährdung für umwelt und gesundheit erfolgen kann. aber: die vermüllung der weltmeere ist globalen ursprungs. meeresströmungen, gezeiten, winde tragen naturgemäß dazu bei, dass sich plastikabfall weltweit verteilt. einzelne staaten alleine haben beim kampf gegen die vermüllung keine chance. die europäische plastikstrategie ist an dieser stelle ein sehr wichtiger schritt. natürlich gibt es umweltschonendere alternativen zu einweggeschirr, plastikbesteck oder beschichteten pappbechern. es bringt uns jedoch nicht weiter, einen europäischen wettlauf um produktverbote zu starten, um einzelne produkte zu verbieten. unsere aufgabe ist es, anreize zu schaffen. was wir brauchen, sind ökologisch bessere und für den verbraucher auch bezahlbare alternativen, damit er oder sie sich beim nächsten einkauf auch entscheiden kann. liebe grüne, wir brauchen uns übrigens beim umweltschutz nicht zu verstecken. deutschland nimmt in vielen bereichen eine vorreiterrolle ein; wir sind ganz vorne mit dabei. das hören sie zwar nicht gerne; aber auf diese vorreiterrolle dürfen wir ruhig auch einmal stolz sein. herr kollege, erlauben sie eine zwischenfrage oder bemerkung von herrn krischer, fraktion bündnis /die grünen? herr krischer, bitte. herr kollege, sie haben gerade gesagt, deutschland hätte eine vorreiterrolle. eben gab es auch schon bemerkungen, zum beispiel von herrn sitta, prozent des verwendeten plastiks befänden sich im recyclingkreislauf. ich habe eine aktuelle studie des wuppertal institutes gelesen, zu der es keinen widerspruch aus dem umweltministerium gab. darin kommt man zu dem ergebnis, dass prozent des bei uns eingesetzten plastiks entweder verbrannt oder exportiert wird im moment im wesentlichen nach malaysia; wo es dann landet, kann man sich ja vorstellen und nur prozent tatsächlich recycelt werden. meine frage an sie: wie können sie angesichts dieser tatsache, dieser eindrucksvollen zahlen hier behaupten, dass deutschland ein vorbild beim thema umgang mit plastik ist? das würde ich einfach mal gerne hören. sehr geehrter herr kollege, ich kann das unterstreichen, was der kollege sitta schon gesagt hat. gerade bei pet-flaschen besitzen wir eine vorreiterrolle, und das international gesehen. die ziele, die die europäische union jetzt für die nächsten jahre fordert, übertreffen wir schon heute über die maßen. wir sind bei einer recyclingquote von prozent. doch. natürlich widersprechen sich verschiedene studien; wir können uns gerne zusammensetzen und die verschiedenen studien übereinanderlegen. aber jetzt hier eine studie zu nennen, die das gegenteil beweisen soll, ist nicht fair, nein. also noch einmal: unser pfandsystem für mehrwegflaschen ist weltweit einmalig. unsere verpackungsverordnung ist grundlage für ein sehr effizientes system der flächendeckenden sammlung, des verwertens und des recyclings. wir arbeiten stetig daran, die kreislaufwirtschaft weiterzuentwickeln und den kreislauf weiter zu schließen, um durch recyclingfähiges design, effizienten materialeinsatz, verstärkten recyclingeinsatz und umfassende sortiersysteme auf plastik zu verzichten. am ende muss gelten: vermeiden ist besser als wiederverwenden, wiederverwenden ist besser als recycling, und recycling ist besser als verbrennen. genau dieses bewusstsein im umgang mit kunststoffmüll fehlt den meisten schwellen- und entwicklungsländern; sie verfügen schlicht über kein entsorgungssystem, teilweise weil sie es nicht besser wissen, teilweise weil sie andere prioritäten setzen. als deponien dienen oftmals flüsse. dem kollegen von den linken, der gerade gesagt hat, dass in deutschland viel abfall und viel plastik in den flüssen landet, kann ich nur sagen: das ist in den großen industrienationen, gerade in asien, aber auch in afrikanischen staaten, der fall. der abfall wird ins meer gespült, wo sich dieser durch die meeresströmung weiter verteilt. hier müssen wir ansetzen. liebe kollegen von bündnis /die grünen, mit den vorliegenden anträgen machen sie es sich in unseren augen viel zu einfach, nicht nur, dass die beiden anträge in ihrer grundforderung quasi deckungsgleich sind. mit dem umfangreichen maßnahmenkatalog werden sie ihrem ruf als verbots- und regulierungspartei leider wieder einmal gerecht. dabei übersehen sie die vielen positiven entwicklungen und anstrengungen in unserem land in gänze. bestehenden und gerade anlaufenden maßnahmen geben sie erst gar nicht die chance, ihre wirkung zu entfalten. was mich dann doch sehr irritiert und sogar verärgert hat bei der lektüre ihrer beiden anträge, vor allem bei der lektüre des antrags strategie gegen plastikmüll jetzt umsetzen , ist: hier fordern sie eben mal so unter punkt , ein deutschlandweites tempolimit auf bundesautobahnen einzuführen , was der debatte widerspricht. unter dem deckmantel der plastikvermüllung der weltmeere wird hier wieder einmal versucht, das autofahren in deutschland unattraktiver zu machen und den menschen in ihrem land vorzuschreiben, wie sie sich zu verhalten haben. denken sie bitte an ihre redezeit. das ist nicht die art und weise meiner fraktion, mit den menschen in unserem lande umzugehen. wir bauen auf eine funktionierende kreislaufwirtschaft, eine ausgedehnte forschung und eine zielgesteuerte entwicklungshilfe. herzlichen dank. vielen dank, herr kollege simon. nächster redner in der debatte: andreas mrosek für die afd-fraktion."
48,01.02.2019,ID197804800,Andreas,Mrosek,AfD,Andreas Mrosek,"sehr geehrte frau präsidentin! hohes haus! die verschmutzung der meere mit plastik ist eine globale katastrophe. es wäre schön, wenn politiker weltweit dieses problem anpacken würden. die afd unterstützt alle initiativen zum schutz der umwelt, wenn diese auch wirklich sinnvoll sind. der plastikmüll im meer ist aber kein neues problem. als seemann habe ich schon in den -jahren feststellen müssen, dass die weltmeere wie eine gebührenfreie müllkippe behandelt werden. ich war erschüttert, als ich mit eigenen augen sehen musste, wie verschmutzt die flüsse und seegebiete in anderen regionen der welt sind. das liegt bereits einige zeit zurück; aber in vielen regionen ist es noch schlimmer geworden. seit jahren berichten die medien über die verschmutzung der ozeane. im jahr haben deutsche meeresbiologen auf den plastikmüll in der nordsee aufmerksam gemacht. der große pazifik-müllfleck ist ein gigantischer strudel aus treibendem plastik; er wurde bereits entdeckt. die meere leiden das können sie mir glauben an unterlassener hilfeleistung, und zwar weltweit. was haben sie hier im haus in den letzten jahren gegen diese verschmutzung der meere unternommen? der antrag der grünen bezieht sich auf deutschland und die eu. die europäer sind aber nur für circa prozent des plastikmülls in den weltmeeren verantwortlich. circa prozent des weltweiten plastikmülls werden aus zehn flüssen in die weltmeere geschwemmt; acht dieser flüsse sind in asien, vier davon in china. in vielen ländern asiens sind für große teile der bevölkerung nur produkte aus plastik bezahlbar. man kennt das aus thailand: schuhe aus plastik, möbel aus plastik, jacken, geschirr aus plastik alles aus plastik. gleichzeitig gibt es dort keine geregelte müllentsorgung, wie wir sie in europa kennen. der müll landet dann in den flüssen oder auf dem festland. und genau diese zustände können wir von berlin aus nicht ändern. ein positives beispiel für internationale zusammenarbeit ist die handelsschifffahrt. alle schiffe führen mittlerweile tagebuch über müllabgaben entsprechend den vorschriften der international maritime organization, kurz imo. jedes einleiten von müll mit umweltschädlichen stoffen ist verboten und wird strengstens bestraft. mehr kann man in der seeschifffahrt momentan auch nicht tun. ein noch ungelöstes problem sind jedoch zehntausende von fischerbooten in allen küstenländern der erde. ein nicht unbeträchtlicher teil des plastikmülls stammt aus der fischerei. meine damen und herren, eine welt ohne kunststoffe ist nicht vorstellbar. es gibt aber lösungsansätze. wir brauchen neue kunststoffe, die sich im wasser oder durch uv-strahlung zersetzen. solche kunststoffe gibt es bereits, aber sie sind im vergleich mit erdölprodukten noch zu teuer. wir brauchen hierzu eine gezielte forschung, damit die langlebigen kunststoffe aus erdöl schnellstens ersetzt werden können. ich danke für ihre aufmerksamkeit. vielen dank, andreas mrosek. nächster redner für die spd-fraktion: michael thews."
49,01.02.2019,ID197804900,Michael,Thews,SPD,Michael Thews,"sehr geehrte frau präsidentin! kolleginnen und kollegen! plastikmüll im meer, das ist eine globale herausforderung, das ist eine gefahr für unsere ökosysteme, für tiere, für menschen, für unseren planeten. deswegen macht es mich auch wütend das wurde vorhin schon angesprochen , dass wir hausmüll auf einer deponie in malaysia wiederfinden. ich will das an dieser stelle einmal ganz klar sagen: das darf nicht sein. solche dinge müssen wir beenden. nun gibt es aber auch ganz klare gesetze. es wurde gerade schon angesprochen: wir haben das basler übereinkommen, wir haben die abfallverbringungsverordnung, und die klären, was überhaupt in andere länder transportiert werden darf. darin steht, dass man kunststoffabfälle transportieren darf. diese müssen aber sauber sein; es müssen saubere fraktionen sein. man muss sich aber auch mit der frage auseinandersetzen, ob diese länder in der lage sind, diese abfälle zu entsorgen. diese regelungen haben wir heute schon. der vollzug ist durch die länder zu regeln. wenn die grünen hier jetzt ein moratorium fordern, dann sage ich: lassen sie uns doch eine initiative starten, damit in den ländern, in denen sie verantwortung tragen, diese kontrollen durchgeführt werden. firmen müssten dann verträge vorlegen, wenn sie abfälle ins ausland bringen. sie müssten klarstellen, dass diese abfälle gereinigt sind und dass sie dort entsorgt werden. lassen sie uns doch eine solche initiative starten! dann brauchen wir das moratorium nicht. wir haben in der letzten legislaturperiode das verpackungsgesetz verabschiedet, das jetzt in kraft getreten ist. sie haben leider dagegen gestimmt. ich fand das damals sehr schade; denn sie haben damit gegen stärkere recyclingquoten gestimmt. das verpackungsgesetz sieht eine klare kennzeichnung von mehrweg und einweg im regal vor. der verbraucher kann also entscheiden, ob er mehrweg oder einweg will. auch dagegen haben sie gestimmt. die rechte der kommunen wurden gestärkt; denn sie können die einführung der wertstofftonne jetzt gegen die dualen systeme durchsetzen. das steht in ihrem antrag, ist aber auch bestandteil des verpackungsgesetzes. wir haben die zentrale stelle verpackungsregister ins leben gerufen, die kontrollen durchführt. inzwischen liegen bei der zentralen stelle verpackungsregister schon mehr als anmeldungen von inverkehrbringern von verpackungsabfällen vor. das gab es vorher nicht. vorher waren nur halb so viele bekannt. wir wissen jetzt überhaupt erst einmal, wer verpackungen in umlauf bringt. diese firmen zahlen eine lizenzabgabe, und die wird jetzt ökologisch. das heißt: derjenige, der materialen in umlauf bringt, die nicht recycelbar sind, zahlt mehr als derjenige, der materialien in umlauf bringt, die gut recycelbar sind. das hat auswirkungen. herr lenkert hat gesagt, wir sollten uns nicht ausruhen. nein, wir müssen beobachten, was jetzt passiert. die industrie investiert wieder in bessere sortier- und recyclinganlagen. das ist lange zeit in deutschland nicht geschehen. auf der grünen woche habe ich gesehen, dass die handelskonzerne jetzt anfangen. jeder merkt das ja in seinem laden vor ort: es gibt jetzt netze, in die ich mein gemüse packen kann. es gibt produkte, die per laser gekennzeichnet werden, damit sie nicht mehr in plastikfolie eingeschweißt werden müssen. das sind gute entwicklungen, die auch durch das verpackungsgesetz in gang gebracht wurden. das ganze geht noch weiter. wir werden dieses jahr die größte kunststoffmesse in deutschland haben. auch die hersteller von extrudern, die kunststoffprodukte herstellen, stellen sich auf recyceltes material ein. das heißt, dass das, was wir wollen, nämlich dass diese materialien im umlauf bleiben, dass sie recycelt werden, viel stärker stattfindet. wir werden im auge behalten, ob das, was wir jetzt in gang gesetzt haben, wirkt. wir werden das kontrollieren und gegebenenfalls auch nachschärfen. in der eu wir haben es gerade gehört kommt jetzt die einwegplastikrichtlinie. es ist gut, dass die eu das macht. ich finde das genau richtig; denn es gibt genügend alternativen zu diesen produkten, und die sollten wir dann auch nutzen. lange wurde deutschland zum beispiel für die pfandpflicht belächelt. mittlerweile wird anerkannt, dass wir dort den richtigen weg gehen. aber natürlich wird das nicht reichen. wir brauchen auch internationale initiativen barbara hendricks wird gleich noch einiges dazu sagen , weil wir wissen, dass gerade im asiatischen raum viele länder große mengen an plastik in die weltmeere emittieren. ich bin sehr froh, dass wir im haushalt millionen euro bereitgestellt haben, um die bekämpfung des plastikmülls in den weltmeeren voranzutreiben. ich glaube, es geht in die richtige richtung, wenn wir auf internationalen konferenzen weiter daran arbeiten. viele kollegen haben ja damals an der ocean conference in new york teilgenommen. es war sehr gut, dass viele länder dort freiwillige vereinbarungen getroffen haben. mehr als selbstverpflichtungen wurden auf dieser konferenz eingegangen. ein guter weg! deutschland muss dort vorbild sein; das sehe ich genauso. wir müssen gemeinsam daran arbeiten. genau das werden wir auch in zukunft tun. vielen dank. vielen dank, michael thews. nächste rednerin für die fdp-fraktion: judith skudelny."
50,01.02.2019,ID197805000,Judith,Skudelny,FDP,Judith Skudelny,"frau präsidentin! meine damen und herren! wir reden heute über zwei anträge der grünen. der erste antrag behandelt das problem auf nationaler bzw. europäischer ebene. der zweite antrag behandelt die verschmutzung der weltmeere. der erste antrag enthält viele punkte, die ich als humbug bezeichnen würde. ich möchte heute meine redezeit darauf verwenden, mich dem wichtigen thema der verschmutzung der weltmeere mit plastik zu widmen. sie haben mit ihrer darstellung den istzustand wirklich gut getroffen: die weltmeere werden als globale müllhalde missbraucht. sie haben das wunderschön dargestellt. das hat konsequenzen für die natur, und es hat natürlich auch konsequenzen für den menschen. was ich nicht nachvollziehen und auch nicht verstehen kann, ist: warum stellt eine partei den istzustand so gut dar und versagt vollkommen bei der analyse der probleme? tatsächlich ist es so, dass europa nach den von ihnen zitierten studien gerade mal für prozent der jährlichen emissionen von plastik in den weltmeeren verantwortlich ist. die regionen china, südostasien und afrika sind für rund prozent verantwortlich. das wird im ganzen antrag nicht ein einziges mal erwähnt. wer sich nicht traut, die probleme zu benennen, wird es nicht schaffen, diese probleme zu lösen. dabei sind die probleme klar. übrigens ist auch in der fachwelt völlig klar, wo das problem liegt. auch der wwf hat in seiner neuesten studie das problem ganz deutlich benannt. der wichtigste faktor dafür, dass plastik in die weltmeere kommt, ist, dass in den schwellen- und entwicklungsländern entweder nur mangelhafte oder gar keine abfall entsorgungssysteme sind und die menschen deswegen ihren müll in die flüsse und die meere verbringen. wenn man dieses problem ernsthaft lösen will, dann muss man bei einer nachhaltigen finanzierung der abfallentsorgungssysteme in diesen ländern ansetzen. da gibt es neue, innovative ansätze. nehmen wir das unternehmen the plastic bank auf haiti. da werden plastik artikel im blockchainverfahren gekennzeichnet und mit einem wert belegt, sodass es sich lohnt, das plastik zu sammeln, anstatt es wegzuwerfen. damit kann eine nachhaltige finanzierung der abfallentsorgungssysteme in den schwellen- und entwicklungsländern erreicht werden. das ist ein innovativer technischer ansatz, der zehnmal mehr bringt als alles, was sie in ihrem antrag vorgeschlagen haben. ich möchte es noch mal sagen: wer nicht den mut hat, die probleme zu benennen, hat nicht die kraft, lösungen zu schaffen. dass unsere ideen zum schutz der meere origineller, mutiger und global wirksamer sind, sollte gerade ihrer partei zu denken geben. danke schön, frau skudelny. ich war jetzt ein bisschen überrascht, weil sie früher aufgehört haben, aber das macht nichts. nächste rednerin in der debatte: dr. bettina hoffmann für bündnis /die grünen."
51,01.02.2019,ID197805100,Bettina,Hoffmann,BÜNDNIS 90/DIE GRÜNEN,Bettina Hoffmann,"verehrte präsidentin! meine damen und herren! wir haben jetzt eine menge darüber gehört, was in deutschland gegen plastikvermüllung gemacht wird. das problem wächst auch hier, und wenn wir diese art von konsum nicht endlich drastisch einschränken, wird es für uns unlösbar. wenn wir weitermachen wie bisher, wird sich der müllberg bis vervierfachen, und zwar von millionen tonnen auf millionen tonnen. es ist schon jetzt so, dass pro minute ein lkw richtung meer fährt und diesen dreck darin ablädt. diese zahlen stimmen. insgesamt betrachtet. sie müssen zugeben, dass deutschland bei der vermeidung von verpackungsmüll das schlusslicht in europa ist. sie müssen auch langsam zugeben, dass ihre recyclingquoten schöngerechnet sind; das ist ihnen x-mal nachgewiesen worden. was aber viel wichtiger ist: sie missachten das grundprinzip der abfallgesetzgebung. das erste ziel ist nämlich immer die vermeidung. die regierung lässt den ernsten willen vermissen, dieses thema anzugehen. liebe fdp, sie haben keine vorschläge vorgelegt. sie haben ihren antrag noch nicht in aller ernsthaftigkeit eingebracht. der liegt noch bei ihnen. der ist so schlecht, dass sie ihn noch gar nicht eingebracht haben. wenn sie das originell und gut finden: wunderbar. wir machen auf jeden fall konkrete vorschläge: erstens. setzen sie endlich ehrgeizigere ziele! halbieren sie den verpackungsmüll bis auf kilo pro kopf! das ist machbar. zweitens. kümmern sie sich dringend um das viele einwegplastik, das nicht vom eu-verbot betroffen ist! das beispiel einwegkaffeebecher zeigt: hier ist noch viel zu tun. die bundesregierung will nur styroporbecher verbieten. doch schon heute ist klar, dass die meisten coffee-to-go-becher aus papier bestehen, das mit plastik beschichtet ist. wenn wir etwas bewirken wollen, dann brauchen wir eine einwegabgabe. drittens. machen sie etwas für den verbraucherschutz und gegen die müllberge! verbieten sie schummelverpackungen. es ist unsäglich, dass noch immer erlaubt ist, mehr luft als produkt in die verpackung zu tun. denken sie bitte an die redezeit? letzter satz. viertens. stellen sie das verpackungsgesetz scharf! entwickeln sie lizenzentgelte zur ressourcenabgabe! die hersteller brauchen den anreiz, bei unnötiger verpackung einzusparen. alles ist machbar. sie haben den rückhalt der bevölkerung. schauen sie sich einmal an, wie viele initiativen es in deutschland gegen die vermüllung mit plastik gibt. vielen dank, dr. bettina hoffmann. nächster redner: matern von marschall für die cdu/csu-fraktion."
52,01.02.2019,ID197805200,Matern,von Marschall,CDU/CSU,Matern von Marschall,"herzlichen dank, verehrte frau präsidentin. es ist viel gesagt worden über die nationalen verpflichtungen, die sich aus diesem großen thema ergeben. ich möchte als entwicklungspolitiker und auch als mitglied des nachhaltigkeitsbeirats ein wenig auf die internationalen pflichten, die deutschland in diesem bereich hat, eingehen; kollege thews, wir waren ja gemeinsam auf der ocean conference. das thema, kollegin hendricks, ist im wesentlichen unter ihrer arbeit in den globalen fokus geraten, zum einen durch den g- -gipfel auf schloss elmau, zum anderen durch aufnahme in die globalen nachhaltigkeitsziele unter punkt und schließlich auch durch die g- -präsidentschaft deutschlands. die internationale gemeinschaft ist also auf einem guten weg, diese wesentliche aufgabe gemeinsam zu lösen. auch unser entwicklungsministerium ist im augenblick dabei, eine die unterschiedlichen akteure einbeziehende aktion insbesondere in den schwellen- und entwicklungsländern auf den weg zu bringen, die das ist hier bereits gesagt worden für etwa prozent der einträge in die meere verantwortlich sind. ich denke, deutschland hat viele gute chancen, dort einen beitrag zu leisten. wir haben, was die administration angeht, hervorragende erfahrungen. wenn wir von einem multiakteur ansatz ausgehen, müssen wir einerseits die verwaltung, insbesondere die kommunale verwaltung, einbeziehen, andererseits aber auch die wirtschaft. wir haben in deutschland einige der weltweit führenden recyclingunternehmen, von denen ich aus gesprächen weiß, dass sie sehr wohl bereit wären, ihre unternehmerische expertise in die schwellen- und entwicklungsländer zu tragen. das sollten sie, wie ich glaube, auch in zukunft machen. dazu braucht es aber vielleicht zuschüsse, um einen anreiz für diese investitionen zu setzen, die vielleicht auch aus dem haushalt des bmz zu bestreiten sind. was aber wichtiger ist: es muss auch eine risikoabsicherung geben. ich meine, solche investitionen müssen durch hermesbürgschaften abgesichert werden. dann, glaube ich, können wir mittelfristig eine diese zehn größten flussläufe betreffende deutliche minderung der einträge erzielen. ich glaube, das ist der wesentliche weg. deutschland kann durch das, was man allgemein good governance und capacity building nennt, also durch die administrative stärkung, einen beitrag leisten. da ist natürlich die giz der wesentliche arm, der da helfen kann. es kann vor allen dingen aber mit seiner hervorragenden wirtschaft einen beitrag leisten, die in diesem bereich weltmarktklasse und auch weltmarkführerschaft hat. eines will ich zum abschluss sagen: wir haben auch im bereich der erneuerbaren energien weltmarktführerschaft durch eigene investitionen erreicht und können diese technologie nun zu marktpreisen in die weltmärkte exportieren. ich finde, das ist etwas, was wir durchaus auch im eigenen interesse sehen dürfen, wenn es gleichzeitig dem gemeinsamen, dem globalen ansatz nützt. denn dadurch können wir dieses gewaltige problem, welches gegenwärtig eben die verschmutzung der meere ist, gemeinsam lösen. dafür möchte ich werben. ich hoffe, dass wir das fraktionsübergreifend auf den weg bringen können. herzlichen dank. vielen dank, matern von marschall. nächster redner: mario mieruch."
53,01.02.2019,ID197805300,Mario,Mieruch,fraktionslos,Mario Mieruch,"sehr geehrte frau präsidentin! sehr geehrte damen und herren! die reduzierung von plastik begrüße ich ebenso sehr wie das sinnvolle ersetzen von einwegprodukten durch mehrwegprodukte. als jemand, der selber sehr viele tiere hält, macht es mich jedes mal sehr, sehr betroffen, wenn ich die bilder sehe, auf denen sich die tiere nicht nur verfangen, sondern sogar deformiert haben. mit dem vorliegenden antrag gehen die grünen wieder einmal global aufs ganze. und ja, es ist völlig richtig, dass sich deutschland in der staatengemeinschaft führend für einen verantwortungsvollen ressourceneinsatz und für sinnvolles recycling einsetzt. aber bleiben wir vor der haustür und vergleichen einmal worte und taten: nicht weit von berlin gibt es einen tragetaschenhersteller, der kompostierbare tragetaschen anbot. diese waren nach entsprechender din zertifiziert und erfüllten alle benötigten eu-kriterien zur kompostierung. dennoch startete ein außerparlamentarischer arm unserer grünen fraktionskollegen, nämlich die duh, eine kampagne gegen diese tüte, sodass die beiden größten kunden des herstellers, aldi und rewe, absprangen und die tüte aus dem programm nahmen. der hersteller verklagte daraufhin die umwelthilfe aufgrund seiner umsatz- und imageverluste und verlor. in letzter instanz im letzten frühjahr lieferte das gericht die abenteuerliche begründung, duh-chef resch könne nicht am maßstab journalistischer sorgfalt gemessen werden, weil die duh eben kein presseunternehmen sei und resch kein journalist. das heißt im klartext: der wahrheitsgehalt der kampagne spielt überhaupt keine rolle mehr, ebenso wenig, dass völlig unstrittig war, dass diese tüte alle kriterien erfüllte und entsprechend zertifiziert war. nein, resch führte aus, man habe kompostierungsanlagenbetreiber gefragt, wie sie diese tüte später behandeln, und da hätten prozent geantwortet, dass es keine separate kompostierung dafür gäbe so weit wären sie noch nicht und sie diese wie alle anderen taschen der verbrennung zuführen. das muss man erst einmal sacken lassen. das ist ein tolles beispiel dafür, wie umweltbewusstes engagement von selbsternannten ökologischen marktüberwachern regelrecht verhindert wird. denn mit der kompostierung sind wir heute, knapp ein jahr später, nicht wirklich weiter. aber jetzt gibt es plötzlich über solcher anbieter auf dem markt in europa, und gestern abend haben wir hier erleben dürfen, wie die grünen allen ernstes beantragten, dass man solchen organisationen nicht eingehend auf den zahn fühlen sollte. das wirft dann zwangsläufig die frage auf, ob es ihnen wirklich um ambitionierte globale ziele geht oder doch nicht einfach nur schlicht um lobbyismus. vielen dank. danke schön. nächste rednerin: dr. barbara hendricks für die spd-fraktion."
54,01.02.2019,ID197805400,Barbara,Hendricks,SPD,Barbara Hendricks,"frau präsidentin! liebe kolleginnen und kollegen! ich will kurz auf die internationalen aspekte unseres themas eingehen; auch sie haben dies schon getan, herr kollege von matern. die meeresvermüllung ist sicherlich als eines der großen weltweiten probleme im allgemeinen bewusstsein angekommen. umso erstaunlicher ist es, dass sich die internationale staatengemeinschaft tatsächlich erst seit etwa dreieinhalb jahren, nämlich seit dem jahr , auf unsere initiative hin zum ersten mal überhaupt mit dem thema befasst. wir haben das in der g als eines der wesentlichen themen auf die tagesordnung gesetzt. infolgedessen hat es zwei jahre später die erste uno-konferenz zu diesem thema gegeben, die un ocean conference in new york , die der kollege schon angesprochen hat. ja, die damaligen staats- und regierungschefs haben sich verpflichtet, dem problem ihre aufmerksamkeit zu schenken. klar war aber, dass damit noch längst nicht alles erledigt ist. infolgedessen haben wir das in unserer g- -präsidentschaft zwei jahre später, im jahr , wieder auf die tagesordnung gesetzt. das ist insbesondere deswegen wichtig es wurde eben darauf hingewiesen , weil gerade aus entwicklungs- und schwellenländern ein großer eintrag dieses mülls in die meere erfolgt. eigentlich ist es für uns alle erfreulich, dass in den schwellenländern langsam, aber sicher wohlstand und damit natürlich auch der konsum wächst. die müllentsorgungs- oder recyclingsysteme sind aber nicht in gleicher weise mitgewachsen. das ist der entscheidende grund dafür, dass wir jetzt im kreis der g langsam, aber sicher vorankommen. da sind alle schwellenländer vertreten, und es ist entscheidend, dass dort anerkannt wird, wie wichtig dieses thema ist. die staats- und regierungschefs haben im jahr einen g- -aktionsplan zum meeresmüll verabschiedet und ihren willen zum schutz der meeresumwelt bekräftigt. der aktionsplan behandelt den landseitigen wie auch den seeseitigen eintrag von müll in die meere, konzentriert sich auf maßnahmen zur abfallvermeidung, zum abfallmanagement und zur ressourceneffizienz und bezieht dabei auch sozioökonomische aspekte wie bewusstseinsbildung und forschung mit ein. das heißt, an dieser stelle haben die wichtigsten akteure das seit dem jahr als ihre aufgabe anerkannt. jetzt sind wir noch einen schritt weiter. in diesem jahr, vom . bis . märz, findet in nairobi die un-umweltkonferenz statt, die sich unter anderem auch mit diesem thema auseinandersetzen wird. es ist natürlich nicht das einzige thema, aber sie wird sich auch dem thema meeresmüll nähern. dieser un-umweltkonferenz liegt ein resolutionsentwurf von norwegen und sri lanka vor, in dem sie fordern, dass die staatengemeinschaft prüfen möge, ob es machbar und effizient ist, eine rechtlich bindende internationale vereinbarung zu meeresmüll und mikroplastik auf den weg zu bringen. damit ist eine solche entscheidung noch nicht gefallen. aber es ist sinnvoll, dass die internationale staatengemeinschaft prüft, ob wir ein rechtlich bindendes übereinkommen in die wege leiten sollen. ich denke, die bundesregierung wird sich sicherlich aktiv an dieser prüfung beteiligen. ich bin jedenfalls sicher, dass die koalitionsfraktionen an ihrer seite stehen. herzlichen dank. vielen dank, barbara hendricks. letzte rednerin in dieser debatte: astrid damerow für die cdu/csu-fraktion. frau kollegin, sie haben das wort."
55,01.02.2019,ID197805500,Astrid,Damerow,CDU/CSU,Astrid Damerow,"frau präsidentin! verehrte kolleginnen und kollegen! nun bin ich die letzte rednerin nach einer stunde, und wir haben eine vielzahl an programmen und initiativen von der regierung bzw. den regierungsfraktionen vorgetragen bekommen. das zeigt ganz deutlich, dass es mitnichten so ist, dass nichts getan wird. die beiden anträge der grünen-fraktion erwecken nämlich genau diesen eindruck. sie tun ja gerade so, als hätte diese bundesregierung in den letzten zehn jahren die hände in den schoß gelegt und sich um das thema plastik in unseren meeren schlicht nicht gekümmert. das gegenteil ist doch der fall, sowohl international als auch auf europäischer, nationaler und auch regionaler ebene. allein durch die dramatische schilderung des zustandes kommen sie einer lösung kein stück näher. es ist ihr gutes recht als opposition, probleme möglichst deutlich und auch möglichst krass darzustellen. das ist ein probates politisches mittel. aber es ist auch unser recht, darauf hinzuweisen, wie viel wir hier bereits getan haben und auf wie vielen ebenen diese bundesregierung in den letzten jahren bereits tätig war. es ist vollkommen unbestritten, dass wir noch nicht da sind, wo wir hinkommen müssen. aber wir alle auch sie von der fraktion bündnis /die grünen wissen: es erfordert geduld, bis wir maßnahmen im umweltbereich, die wir heute ergreifen, anhand von ergebnissen messen können. das gilt auch für die maßnahmen, die schon etwas älter sind. das ist der erste punkt. der zweite punkt ist: wir können nicht immer die institutionen, verbände und unternehmen mit verboten überziehen, die wir auf der anderen seite brauchen, um ein problem zu lösen. es ist wesentlich sinnhafter, wenn wir uns darauf konzentrieren, bei all diesen akteuren einen bewusstseinswandel herbeizuführen. dass dies durchaus bereits der fall ist, zeigt die initiative von konzernen, unter denen übrigens auch deutsche unternehmen sind. sie haben eine globale allianz gegen kunststoffabfall gebildet und , milliarden euro, um themen wie recycling, wiederverwertung, reinigungsaktionen und bürgerinformation in entwicklungs- und schwellenländern anzugehen. insofern möchte ich schon darauf hinweisen, dass es zu einfach ist, hier ständig nur schwarz und weiß oder gut und böse zu postulieren. wir müssen vielmehr partnerschaftlich mit allen zusammenarbeiten. das gilt auch für den tourismussektor. auch dort bewegt sich eine ganze menge. die millionen euro, die die bundesregierung im kommenden jahr investieren wird, sind bereits mehrfach erwähnt worden. ich möchte aber die gelegenheit nutzen, mich an dieser stelle auch einmal bei allen privaten initiativen zu bedanken, die wir hier in deutschland haben, was ja auch etwas über den bewusstseinswandel aussagt. gerade in meinem wahlkreis, einem anrainerwahlkreis der nordsee, erlebe ich das tagtäglich. sie alle leisten in den umweltverbänden, aber auch rein privat einen nicht zu unterschätzenden beitrag, nicht um plastik in unseren meeren zu verhindern, aber um aufzuräumen. damit sind wir bei einem anderen thema, zu dem wir noch deutlich mehr forschen müssen. wir müssen nämlich auch gute ideen entwickeln, wie wir mit dem müll umgehen, der bereits in unseren meeren liegt und wir wissen es alle jahrzehnte, wenn nicht sogar jahrhunderte braucht, bis er sich abbaut. auch das ist eine aufgabe, die diese bundesregierung angeht. ich halte also fest: diese bundesregierung handelt sowohl national als auch international. das bewusstsein unserer bürger und unserer wirtschaft für die problematik müssen wir auch in zukunft weiter schärfen; das geht nur partnerschaftlich. erfolge brauchen geduld. verbote allein reichen nicht. ich denke, damit sind wir mit dieser bundesregierung auf einem guten weg. ich bedanke mich für die aufmerksamkeit. vielen dank, frau kollegin damerow. damit schließe ich die aussprache. interfraktionell wird überweisung der vorlagen auf den drucksachen / und / an die in der tagesordnung aufgeführten ausschüsse vorgeschlagen. da ich nichts gegenteiliges höre, gehe ich davon aus, dass sie damit einverstanden sind. dann sind die überweisungen so beschlossen."
56,01.02.2019,ID197805600,Marc,Bernhard,AfD,Marc Bernhard,"frau präsidentin! sehr geehrte kollegen! , oder mikrogramm, was ist denn nun der gesundheitlich relevante grenzwert? wann ist meine gesundheit denn nun wirklich gefährdet? an einer kreuzung bin ich angeblich schon bei mikrogramm gefährdet, auch wenn ich mich dort nur wenige minuten am tag aufhalte. wenn ich dann zu hause bin und die wohnungstür hinter mir zumache, bin ich aber erst bei mikrogramm gefährdet, und das, obwohl sich die menschen den größten teil der zeit innen aufhalten. in kindergärten, krankenhäusern und altenheimen, also genau dort, wo sich die risikogruppen kinder, ältere menschen und asthmatiker besonders lange aufhalten, gilt ein prozent höherer grenzwert als an der straßenkreuzung. das versteht kein mensch. wenn ich dann genauso wie millionen andere menschen in unserem land jeden tag zur arbeit gehe, bin ich angeblich sogar erst ab mikrogramm, also dem -fachen, gefährdet, und das, obwohl ich dort acht stunden am tag, fünf tage die woche, jahre, ein ganzes arbeitsleben lang bin. das versteht dann wirklich kein mensch mehr. wenn ich dann nach der arbeit schön bei kerzenschein zum abendessen im restaurant meine auf dem gasherd gekochten spaghetti carbonara genieße und dabei tausenden mikrogramm stickstoffdioxid ausgesetzt bin, dann ist das alles kein problem. kein problem? ganz offensichtlich ist es immer nur dann problematisch, wenn man den grenzwert dazu missbrauchen kann, den menschen ihr auto und damit ihre freiheit wegzunehmen. jeder, der noch ein bisschen gesunden menschenverstand besitzt, kann selbst nachvollziehen, wie absurd die argumente der umwelthysteriker sind. über führende lungenfachärzte und klinische forscher protestieren gegen diesen unsinn. warum tun sie das? weil es keine wissenschaftlich ernstzunehmende begründung für den grenzwert von mikrogramm gibt. alle klinischen studien der who, den grenzwert zu bestätigen, sind krachend gescheitert, ich betone: krachend gescheitert. wir fordern daher in unserem antrag endlich die sofortige, erstmalige wissenschaftliche überprüfung des grenzwerts. die menschen draußen haben ein recht darauf, vor diesem ideologischen wahnsinn geschützt zu werden. selbst in kalifornien mit den strengsten umweltvorschriften der welt gelten mikrogramm, also das zweieinhalbfache des grenzwerts in deutschland. die us-amerikanische umweltbehörde hat diesen grenzwert noch einmal ausdrücklich bestätigt, da dieser so wörtlich einen angemessenen schutz der öffentlichen gesundheit gewährleistet und insbesondere eine ausreichende sicherheitsmarge gerade für ältere personen, kinder und menschen mit asthma berücksichtigt. so langsam scheint sich der protest der menschen gegen diesen grenzwertwahnsinn auch auf die ersten politiker anderer parteien auszuwirken. der grüne oberbürgermeister palmer hält sogar ein verbot von coca-cola für sinnvoller als dieselfahrverbote. selbst verkehrsminister scheuer fordert nun endlich eine überprüfung des grenzwerts. recht haben sie; denn frau merkel hat den völlig aus der luft gegriffenen grenzwert mit beschlossen und jahre nichts unternommen, diesen wissenschaftlich überprüfen zu lassen. seit einem jahr sind die menschen konkret von fahrverboten bedroht. seit einem jahr reden wir hier im bundestag in unzähligen debatten ohne jegliches ergebnis dazu. die afd hat im bundestag mehrfach beantragt, den grenzwert erstmals wissenschaftlich überprüfen zu lassen. unsere anträge wurden durch alle anderen fraktionen hier in diesem haus abgelehnt. hätten sie unserem antrag vor einem jahr zugestimmt, hätten wir heute schon die ergebnisse der wissenschaftlichen überprüfung, und in stuttgart und anderswo könnten fahrverbote vermieden werden. allein in stuttgart sind menschen mit ihren familien von einem fahrverbot betroffen. hören sie endlich auf, die menschen auf grundlage eines völlig willkürlichen grenzwertes zu gängeln, den sie zu nichts anderem nutzen, als millionen dieselbesitzer kalt zu enteignen, indem sie ihnen das auto und damit ihre freiheit wegnehmen. wir fordern, dass der grenzwert endlich erstmalig wissenschaftlich überprüft wird und dass es bis zum vorliegen entsprechender ergebnisse zu keinen fahrverboten kommen darf. danke schön. nächster redner für die cdu/csu-fraktion: karsten möring."
57,01.02.2019,ID197805700,Karsten,Möring,CDU/CSU,Karsten Möring,"frau präsidentin! liebe kolleginnen und kollegen! wir haben uns in der letzten sitzungswoche im rahmen der ersten lesung des gesetzentwurfs zur änderung des bimschg über die sachlichen zusammenhänge zwischen emissionsgrenzwerten und den maßnahmen, die wir ergreifen, intensiv ausgetauscht. ich stelle aber fest, dass die kolleginnen und kollegen aus der afd-fraktion offensichtlich überhaupt keine erinnerung daran haben; denn alles, was herr bernhard eben vorgetragen hat, war bereits thema. er glaubt, dass das kein mensch versteht. die gleichsetzung aller menschen mit den afd-kollegen kann ich auch nicht nachvollziehen. es gibt eine reihe anderer menschen, die anderer auffassung sind, und zwar gut begründet. ich will nicht alles wiederholen, worüber wir in der letzten sitzungswoche diskutiert haben. so viel zeit haben wir nicht. ich möchte aber die gelegenheit nutzen, einen genauen blick auf den antrag der afd zu werfen. in den ersten drei punkten geht es darum das war auch das hauptthema von herrn bernhard , dass die grenzwerte nicht stimmen und dass die schlussfolgerungen deswegen auch nicht richtig sind. dann fordert herr bernhard das ist der erste punkt eine erstmalige untersuchung durch unabhängige wissenschaftler. was für ein witz! weil: zum schluss seiner rede sagt herr bernhard, er sei sich sicher, dass es keine fahrverbote geben wird, weil bei einer solchen untersuchung nur herauskommen könne, dass die grenzwerte quatsch sind. das ist die schlussfolgerung, die er gezogen hat. ich frage mich, was sie für eine vorstellung von unabhängigen wissenschaftlern haben. alle studien, die sich bislang mit dieser frage befasst haben es gibt einige hundert, die teilweise kleinere oder größere aspekte untersuchen , wurden von wissenschaftlern verschiedenster institutionen durchgeführt, denen man die unabhängigkeit nicht absprechen kann. sie müssen im einzelfall belegen, wenn sie der meinung sind, dass wissenschaftler nicht unabhängig sind. von erstmalig kann überhaupt keine rede sein; denn es gibt seit jahren in den usa seit den -jahren untersuchungen in größerem umfang. die grenzwerte, auf denen der beschluss der eu beruht, sind zahlreich und wurden spätestens auf ihre wirkung überprüft, weil man damals mikrogramm als durchschnittswert festgelegt hat. nun haben sie als beispiel die stickoxidbelastung durch kerzen genannt. sie verstehen noch immer nicht, dass es einen unterschied zwischen einer spitzenbelastung kurzzeitiger art und einer dauerbelastung gibt, die niedriger ist. für letzteres gilt ein durchschnittswert. es ist ein vorsorgewert, der auch empfindlichere bevölkerungsgruppen schützen soll und der nicht für jemanden gilt, der in einer küche an einem gasherd kocht. auf der straße sind emissionsspitzenwerte von mikrogramm zulässig. aber mit den mikrogramm wird die dauerbelastung festgelegt. wir haben überhaupt nichts dagegen, dass diese diskussion noch einmal kritisch geführt wird. wir glauben zwar nicht, dass dabei etwas anderes herauskommt. aber maßnahmen, die wir mit viel geld unterlegen, brauchen eine begründung, die valide und belastbar ist. herr möring, erlauben sie eine zwischenfrage oder -bemerkung von herrn bernhard? ja, bitte schön. danke schön, herr möring. ich habe folgende frage: sie reden von mikrogramm als dauerbelastung. wie erklären sie dann den unterschied zwischen mikrogramm draußen und mikrogramm in wohnungen? die menschen sind den größten teil ihres lebens in innenräumen. da gilt ein grenzwert von mikrogramm, wie zum beispiel in kindergärten und krankenhäusern. dort sind die menschen doch einer dauerbelastung ausgesetzt, während sie sich an einer kreuzung, wo mikrogramm gelten, nur wenige minuten am tag aufhalten. können sie das einmal erklären? sie reden von spitzen- und dauerbelastungen. die dauerbelastung findet doch in innenräumen genauso statt, wo die menschen wohnen, leben und arbeiten. ein grenzwert für den wohnbereich ist mir gar nicht bekannt. wenn sie öffentliche räume und arbeitsplätze meinen, dann dürfen sie nicht vergessen, dass es dort um andere gruppen geht, während wir im öffentlichen raum die gesamtbevölkerung, von den kleinkindern bis zu den alten menschen, von den asthmatikern bis zu den gesunden, im blick haben müssen. es handelt sich dabei um eine vorsorgemaßnahme. zurück zu dem zentralen punkt. in den punkten und ihres antrages gehen sie auf die öffentliche kritik von hundert lungenärzten ein. jetzt will ich natürlich niemandem seine meinungsfreiheit beschneiden, auch nicht hundert lungenärzten, aber ein beitrag zur diskussion über die validität verlangt eine inhaltliche auseinandersetzung und keine meinungsäußerung. da hakt es an dieser stelle. noch einmal: nichts dagegen, dass wir diese grenzwerte kritisch untersuchen, aber wenn sie sagen: erstmals und überhaupt , kann ich nur erwidern: im jahre wird die eu diese grenzwerte diskutieren und noch mal im lichte der aktuell vorliegenden studien untersuchen. die bundesregierung hat die leopoldina beauftragt, das für deutschland ebenfalls zu machen. wir sind uns aber im klaren darüber, dass das eine frage der europäischen union ist schlicht und einfach. dann kommt es ganz hart in ihrem antrag. sie verstehen sich doch als partei, die gerne recht und gesetz durchsetzen möchte. was sie aber in den punkten ab punkt schreiben, ist rechtsbruch, rechtsbruch, rechtsbruch und noch mal rechtsbruch. sie können doch nicht hingehen und sagen: weil ich anderer meinung bin, halte ich das gesetzlich festgesetzte maß nicht ein. das geht doch nicht. sie können dann nur dafür sorgen, dass sich das ändert das können sie politisch machen , aber diese werte gelten. wir im deutschen bundestag befassen uns mit der frage, mit welchen maßnahmen wir diese grenzwerte erreichen. solange sie gelten, gelten sie schlicht und einfach. dann kommt es für uns allerdings darauf an, dass wir die maßnahmen, die wir dafür ergreifen, in ein verhältnis zu der gefährdung und zu der belastung des einzelnen im gesundheitlichen bereich setzen. genau das tun wir mit unserem gesetzentwurf zur änderung des bundes-immissionsschutzgesetzes, das wir demnächst in zweiter und dritter lesung behandeln werden. das ziel ist, dass wir hier die verhältnismäßigkeit genau abwägen. darüber kann man dann streiten wir sind da politisch sicher nicht einer meinung , aber das ist der weg, den wir gehen. wenn sie jetzt sagen: diese maßnahmen machen wir alle , dann kann ich nur antworten: das ist ein fahrender zug, auf den sie aufspringen. und wenn sie auf einen fahrenden zug aufspringen wollen, dann müssen sie aufpassen, dass sie sich nicht verstolpern. das, was sie zu diesem thema vorgelegt haben, ist eine totale bruchlandung. heute wurden in düsseldorf und in köln neue luftreinhaltepläne vorgelegt. diese luftreinhaltepläne verzichten auf fahrverbote. sie können das nur, weil sie darlegen, dass mit den ergriffenen maßnahmen und den möglichkeiten, die wir haben, die grenzwerte in absehbarer zeit erreicht werden können. das habe ich in der letzten sitzungswoche schon einmal gesagt, und das sage ich auch jetzt wieder: das wird uns gelingen. damit werden wir die möglichkeit haben, die belastung durch fahrverbote weitestgehend zu vermeiden und mit anderen maßnahmen unser ziel zu erreichen. das ist unsere aufgabe, und das werden wir machen. deswegen lehnen wir ihren antrag selbstverständlich ab. vielen dank, karsten möring. nächste rednerin: judith skudelny für die fdp-fraktion."
58,01.02.2019,ID197805800,Judith,Skudelny,FDP,Judith Skudelny,"vielen dank, frau präsidentin. meine damen und herren! so wie man stickoxid und feinstaub auseinanderhalten muss, muss man richtwerte und grenzwerte auseinanderhalten. ein richtwert ist ein wissenschaftlich festgesetzter wert, bei dem sich experten über das risiko eines einzelnen stoffes gedanken gemacht haben. sie haben sich nicht gedanken darüber gemacht: kann man den richtwert einhalten? sie haben sich nicht gedanken darüber gemacht: was passiert, wenn wir regelungen einsetzen, um ihn einzuhalten? der damals beteiligte professor wichmann hat gesagt: die sozioökonomischen rahmenbedingungen der einhaltung dieses richtwerts wurden schlicht nicht berücksichtigt. deswegen hängen an richtwerten auch keine rechtlichen konsequenzen. es ist aufgabe der politik, aus richtwerten grenzwerte zu machen. und es ist aufgabe der politiker, abzuwägen, unter welchen bedingungen und wie diese richtwerte die wunschvorstellung der wissenschaft in das wirkliche, in das echte leben der menschen, der städte und kommunen eingegliedert werden können. da finden abwägungsentscheidungen statt. am ende dieser abwägungsentscheidungen entsteht ein grenzwert, an den wiederum rechtliche konsequenzen gebunden sind. insofern ist es natürlich immer ein stück willkür und entscheidungsfreiheit, wie hoch diese grenzwerte sind. jetzt haben wir schon seit mehreren jahren einen grenzwert, und wir sehen, welche auswirkungen er hat. wir sehen, dass die menschen kalt enteignet werden, ihr fahrzeug nicht mehr nutzen können. selbst wenn sie heute ein neufahrzeug zulassen, kann sogar nach der von der bundesregierung angestrebten gesetzesänderung, die jetzt auf dem weg ist, keine mobilitätsgarantie für euro- -fahrzeuge gegeben werden. das ist ein zustand, der für einen automobilstandort wie deutschland nicht haltbar ist. es werden durch fahrverbote auch keine stickoxide, keine emissionen in irgendeiner form eingespart. wir sehen doch, dass der verkehr nur verdrängt wird, und zwar von den hauptstraßen in die nebenstraßen, von den autobahnen in die ortschaften. es wird auch kein co gespart. die menschen müssen länger fahren, weitere strecken hinter sich bringen. wir lassen mehr benziner zu. tatsächlich erhöhen wir unterm strich die schädlichen umwelteinwirkungen, und das hilft weder der umwelt noch den menschen und deren gesundheit. und das ganze für was eigentlich? unter den top-ten-risiken der kardiovaskulären erkrankungen, der herz-kreislauf-erkrankungen, die im wesentlichen am ende zum tode führen, sind rauchen, falsche ernährung und zu wenig sport. tatsächlich kommt das no x erst auf rang , weit abgeschlagen hintendran. ich möchte mit den worten des grünen oberbürgermeisters palmer sagen: anstatt fahrverbote zu machen, sollten wir, wenn man wirklich etwas tun wollte, einfach cola verbieten. aber das trauen sie sich ja nicht. meine damen und herren, ich sage es noch einmal: die luft ist so sauber wie noch nie! die menschen verstehen daher nicht, warum sie durch fragliche grenzwerte aufgrund von falschen messungen kalt enteignet werden. um die menschen zu schützen, die darauf vertraut haben, ihr zu recht zugelassenes, ehrlich erworbenes fahrzeug weiter benutzen zu dürfen, müssen wir die grenzwerte auf den prüfstand stellen und schauen, dass wir zu vernünftigen, sozial angepassten und vor allem nachhaltigen werten kommen, die die menschen auf dem weg des umweltschutzes mitnehmen. danke, frau skudelny. nächster redner: für die bundesregierung der parlamentarische staatssekretär florian pronold."
59,01.02.2019,ID197805900,Florian,Pronold,SPD,Florian Pronold,"sehr geehrte frau präsidentin! liebe kolleginnen! liebe kollegen! die debatte scheint unabhängig von den grenzwerten zu schnappatmungen zu führen. es wäre, glaube ich, ganz gut, wenn wir von der propaganda, wie wir sie gerade gehört haben, wegkommen und mal zu den fakten kommen. liebe frau skudelny, ich finde das schon ein starkes stück. im ausschuss bezweifeln sie die wissenschaftlichkeit von den untersuchungen zur schädlichkeit von no x und der feinstaubbelastungen für die gesundheit. sie stellen eine einfache these auf, nämlich: die ärmeren leute wohnen an den stark belasteten straßen. sie rauchen mehr und sind deswegen kränker. deshalb kann man nicht davon ausgehen, dass die no x -belastung durch die fahrzeuge die leute wirklich krankmacht. das spottet im übrigen jeglicher beschreibung. jetzt behaupten sie: es sind die falschen messungen gemacht worden. wir haben in nordrhein-westfalen alle messstellen untersucht, ob sie den vorgaben entsprechen. und sie entsprechen alle den vorgaben. eine ist wegen einer baustelle einmal kurzfristig versetzt worden; die entspricht nicht den vorgaben. jetzt werden wir alle messstellen überprüfen; das habe ich hier in einer der letzten sitzungen angekündigt. das wird unabhängig vom tüv gemacht. dann haben wir darüber klarheit. aber sie interessiert gar nicht, ob die messstellen richtig aufgestellt sind oder nicht, weil jetzt die nächste debatte darüber geführt wird, dass die wissenschaftlichkeit bei der festsetzung der grenzwerte nicht gegeben ist. da werden trauben mit rüben verglichen. da wird übrigens die anhörung, die wir im umweltausschuss sehr qualifiziert durchgeführt haben, völlig ignoriert. wissenschaftlichkeit heißt erst einmal, dass man mit fakten gegeneinander argumentiert und dass man dinge mit studien belegt. keine der tausenden von studien kommt zu dem ergebnis, dass no x oder feinstaub keine erhöhung des gesundheitsrisikos bedeuten. es gibt nirgends einen hinweis darauf, dass es hier keinen wirkungszusammenhang gibt. selbstverständlich kann man über grenzwerte diskutieren, weil sie zum schluss eine entscheidung der politik sind. auf basis von wissenschaftlichen voruntersuchungen kann es aus unterschiedlichen überlegungen heraus zu unterschiedlichen grenzwerten kommen. in den usa zum beispiel ist zwar der grenzwert für no x höher, aber die feinstaubgrenzwerte sind viel niedriger als bei uns. wollen sie die auch übernehmen und sagen: da wäre es schön, wenn wir uns an den usa orientieren ? man kann sich nicht immer nur das heraussuchen, was einem passt, sondern man muss schon bei den fakten bleiben. mein eindruck ist auch, dass es einige gibt, die versuchen, die tatsächlichen verursacher hintanstehen zu lassen. das, was wir brauchen, ist, dass die automobilindustrie endlich dafür bezahlt, dass nachgerüstet wird. das ist der wirksamste schutz für die menschen, die von diesen sachen betroffen sind. zum abschluss eine kleine bemerkung in richtung des bundesverkehrsministeriums: bei der änderung des bundes-immissionsschutzgesetzes geht es nicht um die veränderung des grenzwertes. der grenzwert beträgt natürlich mikrogramm pro kubikmeter. wir verändern keinen grenzwert , das ist nicht meine aussage, das ist nicht die aussage der umweltministerin, das ist die aussage der bundeskanzlerin vom . dezember hier an dieser stelle. vielen dank, florian pronold. nächster redner in der lebendigen debatte: ralph lenkert für die fraktion die linke."
60,01.02.2019,ID197806000,Ralph,Lenkert,DIE LINKE,Ralph Lenkert,"sehr geehrte frau präsidentin! kolleginnen und kollegen! bei fahrverboten hört für viele der spaß auf. jetzt vergessen sie einmal die aussagen von der rechten seite dieses hauses, und gehen sie auf ihr eigenes gefühl ein. die meisten autofahrer vergessen, wie sie sich fühlen, wenn vor ihnen ein alter diesel im stau steht und sie schlecht atmen können und auf umluft schalten. tatsache ist das ist klar : es ist ein durchschnittswert erinnern sie sich an den spruch: der teich war im durchschnitt einen meter tief, trotzdem ist die kuh ersoffen , und es ist ein mischwert. verschiedene schadstoffe, feinstaub und stickoxide, wirken zusammen wesentlich stärker als einer alleine. statt sich darum zu kümmern, nur no x zu untersuchen, müssten sie die mischung untersuchen. das habe ich ihnen schon mehrfach gesagt; sie lernen es nicht, und sie werden es nicht lernen. wir alle wissen, dass rauchen kinder schädigt. in anbetracht von fahrverboten gibt es diese schrägen vergleiche, und es wird gesagt: zigaretten schaden nicht mehr als dieselabgase oder umgekehrt. ich frage sie: was soll denn das? nur weil das eine vielleicht weniger schädlich ist als das andere, sollen wir unsere kinder krankmachen? ich bin asthmatiker, und ich kann ihnen sagen: wenn der adventskranz bei mir zu hause eine halbe stunde brennt, blase ich die kerzen aus und mache das fenster auf. da können sie lachen; seien sie froh, dass sie diese krankheit nicht haben. raucherzimmer kann ich umgehen, ich kann die kerzen ausblasen, aber ich kann nicht die luft anhalten, wenn ich an der kreuzung stehe; das ist mir schlicht unmöglich. sorry, aber alle, denen es ähnlich geht, ältere, kinder und kranke, haben ein recht auf saubere luft. jetzt komme ich zum eigentlichen verursacher der probleme. seit drei jahren ist der skandalöse betrug von vw, audi, bmw und daimler bekannt seit drei jahren! in den usa ist es diesen konzernen möglich, pkws anzubieten, die die emissionsgrenzwerte einhalten. ich meine die grenzwerte am auspuff. bei der euro- -norm gilt am auspuff ein grenzwert von gramm no x pro kilometer. in den usa gilt ein grenzwert von gramm no x pro kilometer im flottendurchschnitt. das ist deutlich weniger. überraschung: die deutschen autokonzerne können, nachdem sie milliarden euro strafe zahlen mussten, nach dem zwang zur rücknahme oder der drohung, ohne nachrüstung keine autos mehr verkaufen zu dürfen, plötzlich ihre flotten so ausstatten, dass sie diese grenzwerte einhalten. sie schaffen es. würden wir in deutschland die fahrzeuge nach amerikanischen zuständen zulassen, dann gäbe es hier keine fahrverbote; sie wären schlicht überflüssig. ich frage mich, wieso in deutschland die autofahrerinnen und autofahrer und die steuerzahler für die übernahme der kosten für die nachrüstung herangezogen werden und nicht die konzerne, die in den letzten zwei jahren milliarden euro gewinn gemacht haben. da können sie die milliarden euro für die nachrüstung doch locker bezahlen. ich komme zu diesen ärzten. frontal hat untersucht dann sind es eben ; es sind trotzdem nur prozent der lungenärzte , dass sich fast keiner von ihnen mit no x -studien befasst hat. sie fordern hier wissenschaftlichkeit für studien ein. der in ihrem antrag zitierte professor köhler hat nicht eine wissenschaftlich überprüfte studie zu no x -werten veröffentlicht nicht eine! das ist keine wissenschaftliche praxis; das ist einfach betrug. wer einen solchen kronzeugen heranruft, um auf wissenschaftlichkeit zu pochen, dem kann ich nur eines sagen: er ist wissenschaftsfrei. wir linke fordern die nachrüstung der pkws zulasten der autokonzerne. dann werden fahrverbote vermieden, dann wird unsere gesundheit geschützt. das ist auf jeden fall ein besserer weg, als sich zum büttel der konzernprofite zu machen, so wie es die rechte seite dieses saales tut. vielen dank. vielen dank, ralph lenkert. nächste rednerin: dr. bettina hoffmann für die fraktion bündnis /die grünen."
61,01.02.2019,ID197806100,Bettina,Hoffmann,BÜNDNIS 90/DIE GRÜNEN,Bettina Hoffmann,"frau präsidentin! meine damen und herren! es ist jetzt das fünfte mal hintereinander, dass wir hier über den stickoxidgrenzwert diskutieren. wir erleben hier nur angriffe auf das vorsorgeprinzip und auf den gesundheitsschutz. sie halten no x für ungefährlich? dann untermauern sie das doch bitte einmal mit wissenschaftlichen studien darum geht es ja gar nicht; es geht um den wirkstoff , doch genau das können sie nicht. die studienlage ist eindeutig: no ist gesundheitsschädigend, sogar in spuren. auswirkungen von stickoxiden auf die gesundheit sind schon unter dem jetzigen grenzwert nachweisbar. die gibt es reichlich. besonders kritisch ist der cocktail aus feinstaub, stickoxiden und anderen luftschadstoffen. um es einmal klar zu sagen: dieser grenzwert war vor jahren angemessen, als er von der damaligen cdu-umweltministerin frau merkel mit ausgehandelt wurde. der grenzwert war vor zehn jahren immer noch angemessen, als er mit breiter zustimmung des eu-parlaments erneut bestätigt wurde, auch mit den stimmen der fdp, und der grenzwert ist auch heute ganz sicher nicht zu niedrig. er wird kontinuierlich überprüft, derzeit gerade von der who, und darauf können sie sich einstellen : möglicherweise ist er noch zu hoch. es ist absurd, dass wir über die aussetzung des no -grenzwertes diskutieren, nur weil hundert lungen ärzte diesen grenzwert plötzlich nicht mehr nachvollziehen können. kein einziger wissenschaftler, der zu dieser frage geforscht hat, gehört dazu. selbst unter den ärzten ist diese gruppe eine absolute minderheit. die überwältigende mehrheit fordert saubere luft in unseren städten. gerade in dieser woche haben kinderlungenärzte noch einmal explizit auf die gefahren von luftschadstoffen für besonders gefährdete personen hingewiesen: kinder, schwangere, asthmatiker. für diese empfindlichen menschen machen wir diese grenzwerte. es geht darum, ein recht auf saubere luft zu haben, überall und zu jeder zeit, und es geht um körperliche unversehrtheit. der eigentliche skandal das macht mir wirklich etwas aus ist aus meiner sicht das rechtsverständnis, das herr scheuer zusammen mit fdp und afd hier an den tag legt. sie machen stimmung gegen gerichtsurteile. sie verunglimpfen diejenigen, die die einhaltung von recht einklagen, und sie tun so, als würden sie fahrverbote per gesetz überhaupt verhindern können. damit führen sie die dieselfahrer in die irre. der eugh und das bundesverwaltungsgericht sagen klipp und klar: ende müssen diese grenzwerte eingehalten sein. mit diesem ganzen grenzwerttheater, das sie hier veranstalten, soll doch einfach nur davon abgelenkt werden, dass die stickoxidgrenzwerte seit fast zehn jahren überschritten werden. kein verkehrsminister aus dieser zeit übrigens alle von der csu hat das in den griff bekommen. die gesetzlichen vorgaben zu erfüllen, das ist die aufgabe der regierung. es ist nicht ihre aufgabe, die schutzwerte für unsere gesundheit zu schleifen. ihre aufgabe ist es, die luft für alle sauber zu machen. setzen sie ihre kraft doch dafür ein. wir brauchen jetzt verpflichtende hardwarenachrüstungen wir haben es von herrn pronold eben gehört , und zwar auf kosten der hersteller, wir brauchen die blaue plakette das sorgt für saubere luft und verhindert fahrverbote. diese scheindebatten über grenzwerte helfen jedenfalls kein stück weiter. vielen dank, bettina hoffmann. nächster redner: dr. christoph ploß für die cdu/csu-fraktion."
62,01.02.2019,ID197806200,Christoph,Ploß,CDU/CSU,Christoph Ploß,"frau präsidentin! verehrte kolleginnen und kollegen! ein verbot von coca-cola würde vieltausendfach mehr leben retten als fahrverbote für dieselfahrzeuge. liebe kollegin von den grünen, dieser satz ist keine erfindung von mir. er kommt auch nicht aus irgendeiner quelle. es ist ein zitat vom grünen spitzenpolitiker boris palmer aus einem gastbeitrag in der welt in dieser woche. das zeigt, dass sich die ganze debatte rund um das thema diesel, stickoxidwerte und fahrverbote von ideologie in richtung von wissenschaftlichen erkenntnissen und objektiven kriterien bewegt. deswegen bin ich herrn palmer und spitzenpolitikern der grünen auch dankbar, dass sie diese debatte mit anstoßen; denn die durch die stickoxidgrenzwerte drohenden oder teilweise sogar schon bestehenden fahrverbote haben doch bisher eines gezeigt: sie sind eine schikane für die bürger. sie schränken die mobilität von handwerkern, von pendlern, von vielen autofahrern ein. aber sie haben letztlich auf die umwelt überhaupt keinen positiven einfluss gehabt. in meiner heimatstadt hamburg, in der vom rot-grünen senat schon fahrverbote erlassen worden sind, haben sich die stickoxidwerte sogar erhöht und nicht verbessert. deswegen ist das der falsche ansatz. meine damen und herren, man muss hier noch mal etwas klarstellen. man bekommt in dieser debatte den eindruck, als würde sich die luftqualität in deutschland immer weiter verschlechtern. auch hier ist das gegenteil der fall; denn die luftqualität wird seit jahren immer besser. seit dem jahr haben sich die werte um mehr als prozent verbessert. auch das umweltbundesamt, das ja in dieser woche neue zahlen präsentiert hat, hat mitgeteilt: die luftqualität in deutschland hat sich im vergleich zum vergangenen jahr wieder verbessert. das sind fakten, die auch sie von den grünen hier mal zur kenntnis nehmen sollten. meine damen und herren, mittlerweile gibt es das hat mein kollege möring von der cdu/csu eben schon angesprochen einige ärzte und wissenschaftler, die sagen, man müsse über die grenzwerte diskutieren. wir wissen: es gibt auch andere meinungen. uns ist aber wichtig, dass es hin zu wissenschaftlicher untersuchung und weg von ideologie geht und die wissenschaftler am ende das wort haben. deswegen begrüße ich auch, dass der bundesverkehrsminister andreas scheuer genau darum bittet und einen brief an die kommission geschrieben hat. das ist der weg, den ein großteil der bürger in unserem land beschreiten möchte. meine damen und herren, vor diesem hintergrund ist es natürlich auch notwendig, das bundes-immissionsschutzgesetz zu ändern; denn dann könnten viele fahrverbote, die, wie eben dargestellt, keinen einfluss auf das klima und auf die luftqualität haben, wieder abgeschafft werden. das würde die mobilität in unserem land deutlich erhöhen. deswegen kann ich nur unterstreichen, was boris palmer ich muss ihn noch einmal zitieren in dieser woche ebenfalls gesagt hat. er hat nämlich gesagt: die grenzwerte für einige jahre etwas anzuheben, um fahrverbote auf absolute ausnahmen zu beschränken, wäre vertretbar. dazu kann ich nur sagen: ich hoffe, dass sich der einfluss der baden-württembergischen grünen und von boris palmer auf die grünen in deutschland ausbreitet. für uns ist klar: wir verbessern die luftqualität nicht durch verbote und staatliche gängelung und staatliche bevormundung. vielmehr müssen wir in innovation, in hightech und in die forschung investieren, wie wir das auch schon in den vergangenen jahren gemacht haben. das wird der weg sein. aber bitte keine grüne ideologie! meine damen und herren, am ende brauchen wir einen dreiklang. wir brauchen erstens investitionen in elektromobilität. da muss ich das von ihnen gescholtene bundesverkehrsministerium in schutz nehmen. es investiert in den vergangenen jahren massiv. die zahl der ladepunkte wird erhöht. wir wollen am ende der legislaturperiode ladepunkte in deutschland haben. wir wollen die zahl der wasserstofftankstellen verdoppeln. wir wollen im übrigen auch die entwicklung von synthetischen kraftstoffen politisch unterstützen; denn auch diese brauchen wir für den klimaschutz und eine bessere mobilität. zweitens brauchen wir investitionen in den öffentlichen nahverkehr. darüber haben sie in dieser debatte kein wort verloren. auch das hat mit luftqualität zu tun. deswegen wollen wir als cdu/csu zusammen mit der spd in der koalition in dieser legislaturperiode die mittel für den öffentlichen nahverkehr von millionen auf milliarde euro verdreifachen. davon werden viele projekte in großstädten profitieren, zum beispiel die nordmainische s-bahn von frankfurt bis hanau, die zweite s-bahn-stammstrecke in münchen oder die neue s-bahn-linie s oder die u-bahn-linie in hamburg. das sind doch die richtigen ansätze. aber bitte keine fahrverbote und keine grüne ideologie! wir brauchen drittens eine stärkere digitalisierung des verkehrs; denn auch damit kann man die luftqualität in deutschland verbessern. intelligente verkehrsleitsysteme haben oft einen viel größeren effekt auf die umwelt und die sicherheit als zum beispiel ein tempolimit, das sie fordern. deshalb werbe ich am schluss noch mal für diesen dreiklang: investitionen in neue antriebstechnologien, investitionen in den öffentlichen nahverkehr und auch in den radverkehr und investitionen in die digitalisierung des verkehrs. so werden wir es schaffen, die luftqualität in deutschland noch weiter zu verbessern. herzlichen dank. vielen dank, christoph ploß. nächster redner: mario mieruch."
63,01.02.2019,ID197806300,Mario,Mieruch,fraktionslos,Mario Mieruch,"vielen dank. frau präsidentin! sehr geehrte damen und herren! wie immer bei diesem thema ist auch heute reichlich stimmung im haus: viel geschrei statt sachlichkeit. der avd hat sich diese woche noch einmal damit beschäftigt, wie die who überhaupt zu diesen ergebnissen gekommen ist. dabei kam heraus, dass die eu besonders darauf gedrängt hat, dass die who sich dazu äußert. die who wollte das eigentlich gar nicht. sie sagte damals: wir haben gar keine valide datenbasis, auf der wir eine solche aussage gesichert treffen können. nach fortwährender intervention seitens der europäischen union hat sich die who dann letzten endes hinreißen lassen, diese metastudie zu erstellen, auf der der geschätzte wert, um den es fast täglich geht, basiert. der mediziner und umweltbiologe alexander kekulé hat sich mit dieser metastudie befasst und kam zu dem gleichen ergebnis, das ich unlängst schon einmal vorgetragen habe: man legte äpfel neben birnen, um die frage zu beantworten, ob eine banane gelb ist. wir können gerne das feinstaubthema aufgreifen. in berlin kommen mittlerweile nur noch prozent des vorhandenen feinstaubs aus dem auspuff. selbst stuttgart hat mittlerweile überhaupt kein feinstaubproblem mehr. dazu können sie die wissenschaftler des karlsruher kit befragen, die das zurzeit sehr flächendeckend monitoren. kommen wir zum thema nachrüstung: vor zwei wochen habe ich schon kurz auf den beitrag von frontal hingewiesen und habe ihn als manipulativ bezeichnet. wer das nicht verstanden hat, dem empfehle ich bei google einfach mal mieruch und bmw einzugeben. sie finden dort ein neunminütiges video. sehen sie es sich an! danach sind sie schlauer. das zdf hat mittlerweile auf nachfrage schriftlich eingeräumt, dass die im beitrag gezeigten fahrzeuge aus den usa und aus deutschland technisch nicht identisch sind. man wollte nur zeigen, dass der bauraum vorhanden ist. man hat ebenfalls eingeräumt, dass man in diesem beitrag eine ganze reihe von weiteren dingen, die zum umbau erforderlich sind, einfach weggelassen hat. vielen dank. danke schön. die letzte rednerin in der debatte ist ulli nissen für die spd-fraktion."
64,01.02.2019,ID197806400,Ulli,Nissen,SPD,Ulli Nissen,"sehr geehrte frau präsidentin! liebe kolleginnen und kollegen! der afd-antrag fordert vorfahrt für wissenschaftliche erkenntnisse . wissenschaftliche erkenntnisse bei der afd? spiegel online hat zur auswahl des afd-experten für die anhörung zur gefährlichkeit von autoabgasen getitelt afd lädt affentest-professor in den bundestag . letztes jahr wurde bekannt, dass herr greim an den aus meiner sicht höchst verwerflichen dieselabgastests an affen beteiligt war. einen ähnlich unseriösen eindruck hatte ich von ihm am mittwoch bei der anhörung. es hätte mich nicht gewundert, wenn er aus stark belasteten städten luftkurorte hätte machen wollen. international renommierte forscher machen dagegen deutlich, dass luftschadstoffe die risiken, krebs, herz erkrankungen und demenz zu bekommen, deutlich verschärfen. sie nennen luftverschmutzung stille epidemie . gute luftqualität wird auch in den sdgs gefordert, auf die wir uns gemäß un-resolution verpflichtet haben. in von zielen für nachhaltige entwicklung ist luftqualität ein thema. zwei führe ich aus. ziel will: ein gesundes leben für alle menschen jeden alters gewährleisten und ihr wohlergehen fördern. unterziel . fordert: bis die zahl der todesfälle und erkrankungen aufgrund gefährlicher chemikalien und der verschmutzung und verunreinigung von luft, wasser und boden erheblich verringern. ziel : städte und siedlungen inklusiv, sicher, widerstandsfähig und nachhaltig gestalten. unterziel . präzisiert: bis die von den städten ausgehende umweltbelastung pro kopf senken, unter anderem mit besonderer aufmerksamkeit auf der luftqualität und der kommunalen und sonstigen abfallbehandlung. für die spd ist die umsetzung der un-nachhaltigkeitsziele ein sehr wichtiges thema. deshalb wollen wir die luftqualität deutlich verbessern, liebe kolleginnen und kollegen. dazu gehört natürlich auch die technische nachrüstung der fahrzeuge. leider habe ich das sehr böse gefühl, dass dies der csu-verkehrsminister scheuer nicht will. erst wurde im anschreiben des kraftfahrt-bundesamtes an die betroffenen bürger nur auf umtauschprämien mit kontaktdaten von bmw, daimler und vw hingewiesen und eben nicht auf die möglichkeit der technischen nachrüstung. was mich zutiefst empört: jetzt sind die bedingungen für die technischen nachrüstungen bekannt. die sind schärfer als für neufahrzeuge. herr minister scheuer, leider hat sich dadurch mein verdacht verschärft, dass sie nur an einem neuverkaufsförderprogramm für die autohersteller interessiert sind. wir von der spd wollen eine gute lösung für die technische nachrüstung, die natürlich von den herstellern bezahlt wird. wir sind auf der seite der bürgerinnen und bürger, die sich kein neues fahrzeug kaufen wollen oder auch das sind viele nicht kaufen können. ich persönlich bin für tempo auf den autobahnen. das bedeutet eine reduzierung der schadstoffe und einen geringeren spritverbrauch und natürlich auch ein viel entspannteres fahren. ich selber versuche, viel zur reduzierung von schadstoffen, auch von lärm, beizutragen. seit fast zehn jahren bin ich in meinem frankfurter wahlkreis elektromobil unterwegs. in berlin erledige ich fast alles mit dem fahrrad. gestern abend durfte ich lukas schlapp aus frankfurt kennenlernen. er war einer von zwei jugenddelegierten zur un-generalversammlung. er hat mir eines für die heutige debatte mitgegeben. er sagt: während hunderte junge menschen in ganz deutschland für effektiven klimaschutz auf den straßen demonstrieren, zweifelt die afd den gesundheitlichen schaden von stickoxiden an. ein sinnbild, was passiert, wenn man nur alten, weißen und enttäuschten männern die politik überlässt. ja, lieber lukas, das sehe ich genauso. natürlich werden wir den autolobbyistenantrag der afd ablehnen. ich bedanke mich bei meinem frankfurter schülerpraktikanten. er sitzt gerade auf der tribüne. lieber henri hamacher, du hast mich bei der recherche zum antrag super unterstützt. ich danke dir und ihnen für die aufmerksamkeit. vielen dank, ulli nissen. ich schließe die aussprache. interfraktionell wird die überweisung der vorlage auf drucksache / an die in der tagesordnung aufgeführten ausschüsse vorgeschlagen. sie sind einverstanden? dann ist die überweisung so beschlossen."
65,01.02.2019,ID197806500,Fabio,De Masi,DIE LINKE,Fabio De Masi,"frau präsidentin! sehr geehrte damen und herren! liebe zuschauerinnen und zuschauer! wenn man auf dem konto ins minus rutscht, dann drohen horrende dispozinsen der banken. die linke findet: auf diese dispoabzocke muss der deckel drauf. fast prozent der erwachsenen bevölkerung in deutschland sind überschuldet. das ist schlecht für die leute, aber ein geschäft für die banken. money for nothing geld für nichts sangen die dire straits. deutsche banken leihen sich derzeit bei der europäischen zentralbank geld zu null prozent, im prinzip kostenlos; billiger geht nicht. vor der finanzkrise betrug der unterschied zwischen dem leitzins der ezb und dem dispozins einer bank im durchschnitt prozentpunkte. aktuell sind es prozentpunkte, bei der volksbank raiffeisenbank oberbayern südost sogar prozentpunkte. seither ist es also schlimmer geworden. für die banken ist das ein lukratives geschäft. jeder prozentpunkt dispozins bereichert kreditinstitute um millionen euro. das sind zinsgewinne von milliarden euro im jahr. fast jeder zweite bankkunde in deutschland nutzt den dispo, prozent der bankkunden sogar dauerhaft. aber wer nutzt den dispo? sicher nicht sie oder ich mit einem doch relativ komfortablen auskommen hier im bundestag, sondern arbeitslose, alleinerziehende, rentner, familien mit kindern, geringverdiener und kleine selbstständige. sie alle werden ausgenommen wie eine weihnachtsgans. das argument der bankenlobby, der dispo sei ein unbesicherter kredit ohne rückzahlungspflicht, trägt nicht. die ausfallquote dieser kredite liegt unter prozent. verbraucherinnen und verbraucher rutschen so in die verschuldungsspirale und häufig vom dispo in den geduldeten überziehungskredit. dann kommen noch einmal prozentpunkte obendrauf. eine schranke für dispozinsen findet sich nur in § des bgb: sittenwidrigkeit und wucher. der bundesgerichtshof nimmt sittenwidrigkeit aber erst bei einer zinsrate von prozentpunkten über dem marktzins an. auch das zahlungskontengesetz und strengere beratungspflichten der banken verhindern keine wucherzinsen. stiftung warentest beklagt zum beispiel, dass angaben der banken oft irreführend sind oder trotz gesetzlicher vorschriften gänzlich fehlen. die bundesregierung beklagt in einer mitteilung vom . januar mit dem titel konto-minus vermeiden , die dispozinsen seien ich zitiere viel zu hoch . die regierung wäre aber nicht die regierung, wenn sie nicht gleich einen praktischen vorschlag für die bevölkerung hätte. erstens. vor dem kauf von weihnachtsgeschenken sollte die bevölkerung eine eiserne reserve aufbauen. zweitens. kunden sollten einfach die bank wechseln. mit verlaub: das ist weltfremd. wie soll das laufen? guten tag, ich bin herr oder frau dispo und möchte gerne ein konto bei ihnen. das ist wie bei der französischen revolution: wenn die armen kein brot haben, sollen sie doch kuchen essen. die linke fordert von daher einen gesetzlichen deckel für den dispo und auch für überziehungskredite von prozentpunkten über dem aktuellen leitzins der ezb. auch die schuldnerberatung der länder und kommunen ist zu stärken. mit unserem antrag würden den verbraucherinnen und verbrauchern von den milliarden euro zinsgewinn , milliarden euro wieder zurückgegeben. die banken laufen daher gegen den dispodeckel sturm. das zeigt: wir machen etwas richtig. vielen dank. vielen dank, fabio de masi. nächster redner: sebastian steineke für die cdu/csu-fraktion."
66,01.02.2019,ID197806600,Sebastian,Steineke,CDU/CSU,Sebastian Steineke,"frau präsidentin! liebe kolleginnen und kollegen! liebe gäste! wir reden heute über einen antrag der linksfraktion zu einem thema, über das wir in den letzten jahren bereits häufiger im plenum diskutiert haben. auch von den grünen gab es anträge, die in eine ähnliche richtung zielten. sie wiederholen, wie in den vorjahren, die forderung nach dem dispodeckel das haben wir gerade gehört: prozentpunkte über dem leitzinssatz der ezb und danach, dass die banken an anderer stelle entgelte und gebühren nicht unangemessen erhöhen dürfen. das klingt auf den ersten blick nach wohlfühlpolitik das ist, glaube ich, auch besonders populär , aber so einfach ist es am ende des tages nicht. eben nicht. zunächst einmal das haben wir mehrfach betont, auch die bundesregierung können wir festhalten, dass wir das verhalten der kreditinstitute schon sehr genau beobachten und feststellen müssen, dass es kreditinstitute gibt kollege ullrich wird dazu noch einige besondere zahlen nennen; die habe ich gar nicht erfunden , die besonders hohe dispo- und überziehungszinsen nehmen. das ist unbestritten. ich glaube, wir sind uns auch alle einig, dass wir das nicht wollen und dass wir dann, wenn es notwendig ist, gesetzgeberisch vorgehen müssen. genau das haben wir vor einigen jahren bereits getan. das ist hier heute unterschlagen worden. wir haben mit der umsetzung der eu-wohnimmobilienkreditrichtlinie geregelt, dass die banken den kunden eine beratung anzubieten haben, wenn er seine eingeräumte überziehungsmöglichkeit ununterbrochen über einen zeitraum von sechs monaten und durchschnittlich in höhe eines betrages in anspruch genommen hat, der prozent des vereinbarten höchstbetrages übersteigt. wir haben in der vorschrift diese beratungsleistung auch bei einer geduldeten überziehung von prozent über drei monate vorgesehen. das beratungsangebot ist sogar in textform zu dokumentieren und vom kunden entgegenzunehmen. die verbraucher müssen frühzeitig gewarnt werden, um eine dauerhafte inanspruchnahme zu vermeiden. die banken sind inzwischen auch gesetzlich verpflichtet worden, die verbraucherinnen und verbraucher über preisgünstigere alternativen zum dispokredit zu informieren. das haben wir alles bereits vor einiger zeit festgelegt. die evaluierung der vorschriften zur wohnimmobilienkreditrichtlinie steht noch in diesem jahr an. ich glaube, wir sind gut beraten, das ganze abzuwarten und zu schauen, ob sich daraus weitere handlungsmöglichkeiten ergeben. meine damen und herren, es gibt aber auch institute, die einen sehr geringen zinssatz anbieten. man darf mitnichten alle kreditinstitute über einen kamm scheren. in brandenburg liegt die spanne bei den kreditinstituten zum teil deutlich über prozentpunkten. wir haben institute mit zinsen deutlich unter prozent, und wir haben auch welche mit zinsen deutlich über prozent. das ist übrigens ein beweis dafür, dass der markt durchaus funktioniert und dass einige gesetzgeberische maßnahmen hier schon gefruchtet haben. ich kann zum beispiel für die sparkasse aus meinem wahlkreis besondere zahlen in anspruch nehmen: sie hat im jahr einen durchschnittlichen zins von , prozent; das nimmt sie auch weiterhin. das ist im übrigen ungefähr der wert, den sie sich vorstellen. etwas darüber liegt er noch. wir haben bereits in den debatten in den vorjahren darauf hingewiesen, was passiert, wenn man gesetzgeberisch einen solchen deckel einführt. dann wird nämlich genau das passieren, was wir alle nicht wollen, dass nämlich die banken, die besonders günstige dispozinsen anbieten, diese bis zur höhe des vorhandenen deckels anheben werden, wenn der leitzins wieder anzieht, und sie werden dann sagen: wir haben doch den deckel. dann können wir doch bis zu dieser höhe gehen. ich glaube, das hilft keinem einzigen verbraucher und kann auch nicht sinn und zweck unserer politik sein. das grundsätzliche problem sehen wir. wir verfolgen dabei aber einen anderen ansatz. banken müssen noch mehr verpflichtet und sensibilisiert werden, die kunden angemessen zu beraten. wir brauchen klare prüfpflichten für die angemessenheit der zinshöhe. und wir brauchen noch mehr transparenz. vor allen dingen darauf müssen wir schon hinweisen brauchen wir effektive kontrollen, ob denn das, was wir gesetzgeberisch festgelegt haben, auch umgesetzt wird. da kann man gerne mal auf die homepages der einzelnen banken gehen. die hinweispflichten sind da vielleicht nicht immer durchgehend erfüllt worden. darüber sollten wir reden. das ist auch der weg, den wir gemeinsam beschreiten sollten. deswegen lehnen wir diesen antrag in der form auch ab. vielen dank. vielen dank, sebastian steineke. nächster redner ist stefan keuter für die afd-fraktion."
67,01.02.2019,ID197806700,Stefan,Keuter,AfD,Stefan Keuter,"sehr geehrte frau präsidentin! sehr geehrte kollegen! liebes publikum! liebe zuschauer zu hause an den fernsehgeräten! liebes leider immer noch unvollständiges präsidium! ich darf daran erinnern: die afd hat immer noch keine bundestagsvizepräsidentin oder keinen -vizepräsidenten. die linkspartei möchte wieder einmal in die freiheitsrechte der marktteilnehmer unserer sozialen marktwirtschaft eingreifen. diesmal soll das eh schon darbende bankgewerbe getroffen werden. meine lieben kolleginnen und kollegen der linkspartei, lieber fabio de masi, das war ein ziemlich dünner verbaler erguss, der da eben kam. für einen volkswirt müsste da ein bisschen mehr substanz am knochen sein. ich gehe jetzt auf drei themen ein, einmal auf die sicht der banken, dann auf die sicht der verbraucher, und als drittes rechnen wir zusammen gleich mal ein bisschen. meine damen und herren, die linke will den banken vorschreiben, dass der dispozins für kunden maximal prozentpunkte über dem wie sie es nennt leitzins der ezb liegen soll. das ist linke gleichmacherei. das ist sozialismus pur, und das ist mit uns nicht zu machen. so, ich kündigte es ihnen an: punkt eins: wir schauen uns die bankenseite an. dass man mit so wenigen abgeordneten hier so einen krach macht, das kann nur die linkspartei. wir schauen uns die bankenseite an. haben sie als antragsteller eigentlich schon mal eine bank von innen gesehen? ja, dispozins beantragt; ich weiß. als gelernter bankkaufmann und studierter betriebswirt, schwerpunkt bankbetriebswirtschaftslehre, will ich ihnen da mal ein bisschen was erklären. der hauptrefinanzierungssatz der ezb dient der beleihung von erstklassigen wertpapieren, die die bank zuvor erworben hat, also gute bonitäten. mit der refinanzierung von dispositionskrediten hat dieser satz nichts, aber auch gar nichts zu tun. vielmehr kommt hier ein mix aus einlagen, ausstehenden inhaberschuldverschreibungen und diversen eigenkapitalprodukten zur anwendung. dazu kommen noch die kreditmarge zur abdeckung des kreditausfallrisikos sowie die operativen kosten, die die bank hat, und ja, auch das gebundene eigenkapital will verzinst werden. überlassen sie den banken bitte ihre produkt- und kundenkalkulation selber. sie müssen sich im wettbewerb behaupten. da muss eine linke überhaupt nicht eingreifen. wir leben nicht in einer sozialistischen planwirtschaft, und das ist auch gut so. so, wir kommen zu punkt zwei: wir schauen uns die kundenseite an. dispokredite dienen dem abpuffern von unregelmäßigen zahlungen und sollten idealerweise im jahresverlauf zurückgeführt werden. dass zahlreiche bankkunden auch über einen dispositionskredit hinaus vorgezogenen konsum finanzieren, mag bedauerlich erscheinen, ist jedoch nicht im einflussbereich eines staates, der auf die freiheit des einzelnen setzt, und politisch nicht zu verhindern. dass ihnen als sozialisten das nicht passt, glaube ich gerne. aber sie wollen doch jetzt nicht ernsthaft einen angriff auf unsere freiheitlich-demokratische grundordnung starten, oder? in der praxis machen die banken ihren kunden angebote für ratenkredite, ja, die banken sind sogar verpflichtet, zu beraten und im zweifel auf kredite umzuschulden, die mit dem einkommen zu bezahlen sind. dazu sind sie verpflichtet, und das wissen sie auch. deshalb ist dieser antrag zusätzlich wieder einmal unnütz. und hier kommt es darauf an, dass der kunde die raten mit seinem einkommen bezahlen kann. das passiert dann auch. von daher wird bereits vor der bemessung des kreditrahmens auf die bonität abgestellt. und ja, banken lassen bisweilen auch überziehungen zu. das ist auch gut so. sollen bei knapper überschreitung des kreditrahmens der dauerauftrag für die mietzahlung oder die lastschrift für den strom nicht ausgeführt werden? eher nicht. aber wenn ein kunde sein konto nicht im vorgesehenen dispositionsrahmen führt, stellt er halt eine schlechtere bonität dar. so, ich sagte: punkt drei: wir rechnen mal zusammen. das handelsblatt hat eine umfrage gemacht. nur , prozent der dispositionskredite liegen über euro, das heißt über prozent unter euro. wir rechnen mal: bei einem durchschnittlichen dispositionszinssatz von , prozent beträgt die zinslast euro pro kreditnehmer und jahr. was sie mit der deckelung erreichen wollen, wäre eine ersparnis von euro. das heißt, die zinslast würde bei euro liegen. meinen sie wirklich, dass sie mit diesem marginalen betrag die verbraucher entschulden können, dass dies ein echter beitrag dazu ist? ich glaube das nicht. nein, es geht ihnen um etwas ganz anderes. ihnen sind privatwirtschaftlich geführte banken ein graus, und sie wollen diese zerstören. das ist im kern ein angriff auf unsere freiheitliche grundordnung. meine damen und herren, deshalb lehnt die afd ihren antrag ganz vehement und konsequent ab. vielen dank. danke schön, herr keuter. nächste rednerin: sarah ryglewski für die spd-fraktion."
68,01.02.2019,ID197806800,Sarah,Ryglewski,SPD,Sarah Ryglewski,"frau präsidentin! meine sehr verehrten damen und herren! liebe kolleginnen und kollegen! an dem beitrag des herrn von der afd wird deutlich, dass eines der probleme dieses antrags der linken leider ein stück weit der irreführende titel ist. ich teile eigentlich ihre einschätzung und auch ihre meinung zum dispodeckel, genauso wie die gesamte spd. auch wir haben schon mehrfach den dispodeckel gefordert. wir konnten unseren koalitionspartner bisher leider noch nicht überzeugen. aber vielleicht ändert sich das ja im laufe der debatte. wir haben auch noch ein paar jahre in dieser regierung vor uns. da haben wir auch noch möglichkeiten, zu überzeugen. das problem ist allerdings, dass man auseinandersortieren muss, um was es denn bei der frage dispositionskredit und dispodeckel geht. das eine ist die situation, dass es viele menschen gibt das ist so , die durch die wiederholte inanspruchnahme des dispo in die überschuldung geraten. das ausfallrisiko bei diesen krediten ist ja auch deshalb so gering, weil der dispo im grunde genommen eine art lohnpfändung ist; denn jemand, der am ende des monats tief in den miesen ist, steht, wenn das gehalt kommt, mit glück wieder bei null. wenn er pech hat, kommt er gar nicht aus den miesen raus. dadurch wird die verschuldung immer höher. es wurde gesagt: na ja, da gibt es leute, die nur eine kreditsumme von euro haben. ich finde, das ist sehr dahingesagt. auch das ist eine sehr hohe summe. auf diese summe prozent zinsen zu zahlen, klar das haben sie ja geschildert , das sind jetzt keine millionenbeträge. aber man fragt sich schon, warum man ausgerechnet bei einer gruppe, die finanziell so verletzlich ist, so dick zuschlagen muss. das ist doch die eigentliche politische diskussion, der wir uns hier stellen müssen. natürlich ist der dispokredit nicht der einzige grund, warum leute in die überschuldung geraten. mir fallen beim thema kreditvergabe übrigens noch eine ganze reihe anderer dinge ein. ich sage mal so: wenn man bei saturn bei dem versuch, eine waschmaschine zu kaufen, nebenbei mit einem kreditvertrag mit prozent zinsen gelockt wird, kaufen die leute am ende in einem größeren maße ein, als sie es sich eigentlich leisten können. dann muss umgeschuldet werden. der neue kredit ist dann plötzlich teurer. auch so geraten leute in die überschuldungsfalle. wir müssen das thema insgesamt betrachten. die frage ist tatsächlich, warum die darbenden oder spendablen banken ich konnte akustisch nicht verstehen, ob sie darbend oder spendabel gesagt haben, aber beide begriffe wären meiner meinung nach falsch denn unbedingt ihre gewinne mit dieser sensiblen kundengruppe machen müssen. ich weiß auch, dass das momentane niedrigzinsumfeld für die banken ein problem ist. ja, das wissen wir, das diskutieren wir auch immer wieder. man kann sich aber auch mal angucken, wie die zinsentwicklung bei anderen krediten ist. da gibt es nämlich einen unterbietungswettbewerb. wer heute halbwegs solvent ist, eine halbwegs vernünftige bonität aufweist, der kann sich gar nicht vor banken retten, die einem kredite anbieten. ich bin sicher, sie kriegen auch regelmäßig angebote: -prozent-finanzierung, -prozent-finanzierung. beim dispo werden aber hohe zinsen genommen. da muss man sich doch mal fragen: ist das etwas, was wir politisch wollen? und ich sage ganz klar: ich möchte das nicht, die spd-fraktion möchte das nicht. wir arbeiten an unserem koalitionspartner. noch mal zu den punkten, die wir schon angegangen sind, um hier ein stück weit voranzukommen. das eine thema sind die beratungspflichten. ja, das anzugehen, war ein richtiger schritt. ich glaube, um die überschuldungsproblematik zu lösen, ist es wichtig, dass die leute eine vernünftige beratung bekommen. allerdings zeigen die ersten erfahrungen leider, dass wir hier nicht so richtig vorangekommen sind. das funktioniert nicht so, wie wir uns das vorgestellt haben. das hat ein stück weit auch damit zu tun, dass der bankberater oft nicht die dahinterliegende problematik lösen kann. insofern geht es darum, die unabhängigen schuldnerberatungsstellen zu stärken. wir hatten im zuge der diskussion um die wohnimmobilienkreditrichtlinie auch mal überlegt, ob es nicht eine möglichkeit gäbe, die kreditwirtschaft an deren finanzierung zu beteiligen. darüber kann man noch mal nachdenken; denn es geht in der tat darum, das thema verschuldung grundsätzlich anzugehen. die problemlage ist aber auch ein wenig davon geprägt, dass viele der leute, die im dispo sind, gar keine günstigeren konditionen angeboten bekommen, weil sie sich in einer situation befinden, in der ihre bonität so schlecht ist, dass ihnen ein entsprechendes angebot nicht gemacht wird. das ist der grund, warum viele den dispo überhaupt in anspruch nehmen und nicht wie wir es möglicherweise machen würden zur bank gehen und sagen: was können sie mir anbieten? ich habe absehbar einen finanziellen engpass. das andere thema ist die transparenz. darauf setze ich ganz stark, damit wir im bereich der zahlungskonten endlich mal einen echten wettbewerb haben. den haben wir derzeit nicht. versuchen sie mal ich kann das nur empfehlen , herauszufinden, wie hoch aktuell der dispozins ihrer hausbank ist. ich sage ihnen: da haben sie einen nachmittag lang gut was zu tun; das ist gar nicht so einfach. ich finde es richtig, dass man da rangeht. eine solche information würde aber bei der gruppe, über die wir hier reden, nicht viel bringen. von daher würde da mehr transparenz nicht helfen. wer schon mit seinem konto im minus ist, der hat auch gar nicht die möglichkeit, einfach so zu wechseln, weil er erst mal den dispo ablösen muss. die problemlage ist dabei: bei manchen leuten reicht das laufende einkommen nicht, um die entsprechenden zahlungen zu bestreiten. ich mache einen strich drunter. ich glaube, wir sollten an diesem thema dranbleiben. ich hoffe tatsächlich, dass wir die evaluierung der wohnimmobilienkreditrichtlinie dafür nutzen, an das thema dispozinsen ranzugehen und über maßnahmen nachzudenken. vielleicht hat das eine oder andere argument in dieser debatte ja auch die damen und herren von unserem koalitionspartner überzeugt. ich würde mich auf jeden fall freuen, darüber noch mal ins gespräch zu kommen. wir stehen weiter dahinter. wir werden daran arbeiten und überzeugungsarbeit leisten. vielen dank. herzlichen dank, frau kollegin. als nächste rednerin erhält das wort die kollegin katharina willkomm, fdp-fraktion."
69,01.02.2019,ID197806900,Katharina,Willkomm,FDP,Katharina Willkomm,"sehr geehrter herr präsident! liebe kolleginnen und kollegen! kreditvergabe ist ein wichtiger motor der deutschen wirtschaft. mit großen ratenkrediten werden häuser gebaut und träume verwirklicht. im kleinen eröffnen dispokredite den menschen spielräume, um sich wünsche frühzeitig zu erfüllen oder angebote zu nutzen, auch wenn auf dem konto gerade ebbe herrscht. durch ihre einfache verfügbarkeit fördern dispokredite den handel und helfen den menschen, geldengpässe zu überbrücken. damit werden auch folgeprobleme verhindert, zum beispiel, wenn die waschmaschine kaputtgeht und schnell eine neue hermuss. wie bei einem jeden kredit geben die banken gleich, ob privatbank, genossenschaftsbank oder sparkasse den dispokredit natürlich nicht aus nächstenliebe; sie verdienen an den zinsen. beim dispo sind sie höher, weil die banken keine echten sicherheiten erhalten. die linke behauptet, mit milliarden euro dispovolumen würden sich die banken auf kosten ihrer kunden sanieren. dass seit jahren eine bank nach der anderen dichtmacht, ist ihnen aber offenbar entgangen. aber große zahlen machen noch keine großen argumente. setzen wir also die milliarden euro dispovolumen in die richtige perspektive: deutsche banken stellen konstant rund milliarden euro durch kredite zur verfügung. dispokredite machen davon gerade mal gut prozent aus schwerlich ein riesengeschäft für die banken. die verbrauchersicht kann eine andere sein. natürlich ist es ein problem, wenn das schicksal zuschlägt. wenn man die arbeit verliert, einen unfall hat oder die schmale rente hinten und vorne nicht reicht, dann rutscht man schnell in den dispo. wenn kein frisches geld nachkommt, beginnt die überschuldungsspirale. der ausweg sind aber nicht staatlich festgesetzte zinsen, sondern schuldenberatungen. diese zu fördern, ist ein punkt, den wir unterstützen können. laut dem schuldneratlas deutschland ist der schuldner meistens unter , also eher jung, und nutzt den dispo freiwillig und nur gelegentlich. so machen das laut ihrem antrag prozent der bankkunden. ein solcher schuldner möchte ein neues smartphone kaufen, preis euro, aber das nächste gehalt kommt erst in zwei wochen also rein in den dispo. finanztest erhebt regelmäßig die zinssätze. beim aktuell höchsten zinssatz von , prozent kostet die ungeduld unseren durchschnittsschuldner , euro keine weltbewegende summe. die höhe des dispozinses ist nicht das problem. seit der letzten zinssatzerhebung vor fünf jahren ist er im schnitt sogar gefallen, um , prozent punkte. der leitzins blieb derweil annähernd stabil. zu dieser zinssenkung haben auch verschärfte transparenzpflichten beigetragen. die verbraucher können besser vergleichen. sie gehen zu banken mit besseren konditionen; die eingeführte kontowechselhilfe macht es ihnen leicht. die zunehmende digitalisierung wird den wechseltrend weiter stärken und damit die zinsen weiter drücken. der schlaueste ansatz aber, damit geldprobleme gar nicht erst entstehen, ist bildung. wir müssen mit besserer bildung dafür sorgen, dass bereits kinder wirtschaftliche zusammenhänge verstehen und lernen, vernünftig mit geld umzugehen. dementsprechend hat nrw auf initiative von fdp-bildungsministerin gebauer ab diesem jahr das schulfach wirtschaft eingeführt. bundesweit engagiert sich etwa die deutsche stiftung verbraucherschutz mit dem projekt verbraucherschule dafür, schüler bei den themen medien, ernährung und auch finanzen kompetent zu machen. damit erhalten sie das rüstzeug für ein selbstbestimmtes und schuldenfreies leben. vielen dank. herzlichen dank, frau kollegin willkomm. als nächste spricht zu uns die kollegin tabea rößner, bündnis /die grünen."
70,01.02.2019,ID197807000,Tabea,Rößner,BÜNDNIS 90/DIE GRÜNEN,Tabea Rößner,"herr präsident! sehr geehrte damen und herren! abzocke mit dispozinsen titelte stiftung warentest , dreister dispozins , und kürzlich schrieb sie: die dispozinsen … sind teilweise … absurd hoch. alle jahre wieder! und obwohl wir das thema immer wieder auf die tagesordnung gesetzt haben: geschehen ist herzlich wenig. dabei geht es nicht nur um die schwarzen schafe unter den banken, die verbraucher mit dispozinsen in höhe von sagenhaften , prozent abzocken. auch der durchschnittliche dispozins ist viel zu hoch: aktuell über , prozent. besonders beschämend finde ich, dass es zu kaum einen unterschied gibt, obwohl die große koalition versprochen hatte, das problem endlich anzugehen. gewundert hat mich das allerdings nicht. denn was hat der damalige verbraucherminister maas unternommen? statt, wie im wahlkampf immer wieder angekündigt, den geforderten dispodeckel einzuführen, gab es: warnhinweise. was wir wirklich brauchen ich glaube, das hat die debatte hier deutlich gezeigt; da kommen wir zu einer anderen einschätzung als fdp und union , ist eine gesetzliche regelung, durch die die dispo- und überziehungszinsen endlich gedeckelt werden. ich habe aber noch eine traurige nachricht: dispozinsen sind nicht das einzige ungelöste problem. es gibt zahlreiche beispiele, wo banken den verbraucherinnen und verbrauchern das geld regelrecht aus der tasche ziehen. thema kontoführungsgebühren. klar, dass banken für die führung eines kontos gebühren verlangen dürfen. aber die kreativität, diese als neue einnahmequelle umzumodellieren, hat zu einem wildwuchs an verschiedensten kontomodellen, gebühren für einzelleistungen und absurden entgelten geführt. und da werden so selbstverständliche leistungen wie das abheben von bargeld oder onlinebanking gar nicht mal mit abgedeckt. konten, die mit niedrigen gebühren für die kontoführung attraktiv erscheinen, werden plötzlich zu kostenfallen. die antwort der bundesregierung darauf: eine vergleichsplattform. die sollte es eigentlich nach dem zahlungskontengesetz schon seit oktober geben. davon aber bisher auch keine spur! und die wird auch nicht viel ändern. stattdessen brauchen wir faire bedingungen, damit kunden einen echten überblick über die gebühren haben. weiteres beispiel: restschuldversicherung eine echte schuldenfalle für viele verbraucherinnen und verbraucher. da schieben banken den kunden völlig überteuerte und überflüssige produkte mit hohen provisionen unter, ohne dass das den verbrauchern klar ist. ein zins etwa, der mit prozent als angemessen erscheint, entpuppt sich mit über prozent als wucherzins die restschuldversicherung wird nämlich nicht mitberechnet, und die verbraucherinnen und verbraucher werden so getäuscht. die bafin fand übrigens heraus, dass banken in über der hälfte der fälle mehr als prozent der versicherungsprämie als provision erhalten. ein schelm, wer böses dabei denkt! das problem ist mittlerweile so groß, dass sich jetzt ein bündnis gegen wucher gegründet hat, und das fordert wie auch wir seit jahren endlich wirksame maßnahmen. auch hier hat die bundesregierung nur eine weitere informationspflicht über das widerrufsrecht nach vertragsschluss eingeführt. aber auch das schafft nicht mehr klarheit. die branche zeigt sich erneut kreativ: das informationsschreiben sieht wie ein begrüßungsschreiben aus; so ist das sehr gut getarnt, und die information kommt bei den kunden gar nicht an. wir fordern seit jahren ein zweites preisschild , das den effektivzinssatz jeweils mit und ohne restschuldversicherung ausweist. auch der wucherparagraf gehört auf den prüfstand. kopplungs- und bündelungsgeschäfte, die dem kunden schon objektiv nicht nutzen, müssen verboten werden. frau kollegin, kommen sie bitte zum schluss. bei all den baustellen im finanziellen verbraucherschutz frage ich mich: wo ist denn die verbraucherministerin? schon in brüssel? fakt ist jedenfalls: die große koalition kuscht vor den banken. frau kollegin! dabei ist es dringend an der zeit, verbraucherinnen und verbraucher endlich vor absurden gebühren und wucherpreisen zu schützen. vielen dank. vielen dank, frau kollegin rößner. als nächster erhält das wort der kollege dr. heribert hirte, cdu/csu-fraktion."
71,01.02.2019,ID197807100,Heribert,Hirte,CDU/CSU,Heribert Hirte,"herr präsident! liebe schriftführer! ich sehe hier drei leute im präsidium ein vollständiges präsidium , anders als mein vorredner von der afd eben. insofern: wunderbar! liebe kolleginnen und kollegen, liebe zuhörer, wir haben über einen antrag der linken zu beraten. dieser antrag ist das wurde schon gesagt ein zum wiederholten male vorgelegter antrag, ein wiedergänger. und ihre rede, lieber kollege, haben sie auch in der letzten legislaturperiode schon in ähnlicher form gehalten. nicht sie persönlich, sondern sie von der linken. deshalb fragt man sich natürlich erst einmal, ob das anliegen berechtigt ist. ja, das anliegen ist berechtigt. natürlich ist es ein wichtiges und zentrales anliegen, die überschuldung privater haushalte zu bekämpfen. nur, was sie übersehen haben: an all den punkten aus ihrem antrag haben wir unter anderem in der letzten legislaturperiode intensiv gearbeitet. ich fange einmal an: wir haben das zahlungskontengesetz in kraft gesetzt es ist seit dem . oktober in kraft. das sieht vergleichswebsites vor. in der tat sind sie noch nicht in dem maße vorhanden da bin ich völlig bei der kollegin rößner, die das angesprochen hat , wie wir es uns wünschen. diese websites sind kompliziert, und deshalb gibt es ein akkreditierungsverfahren. wenn sie akkreditiert sind, bekommen sie ein wunderschönes symbol. aber das dauert natürlich. aber sie können nicht sagen, dass der markt nicht funktioniert, nur weil sie das nicht abwarten wollen. wir haben vielmehr marktmäßige mechanismen geschaffen, die genau das von ihnen genannte problem adressieren. ich sage ganz deutlich: das sind marktmäßige mechanismen. das, was sie fordern und was zu meiner enttäuschung auch die spd fordert, sind sozialistische preisregeln, und das machen wir nicht mit. ich möchte aus diesem gesetzesprogramm zitieren: die entgeltinformation, die transparenz wird verbessert. der kontenwechsel wird erleichtert. bei einem kontenwechsel können sie überweisungsdaten und einziehungsaufträge mitnehmen. das ist die marktmäßige antwort auf das problem, das sie schildern. der kollege steineke hat die wohnimmobilienkreditrichtlinie angesprochen sie wurde in der letzten legislaturperiode in deutsches recht umgesetzt. ich möchte das hier fürs protokoll sagen: § bgb regelt das problem, das sie auch mit ihrem antrag regeln wollen, nämlich die informationspflicht, die beratungspflicht der banken bei inanspruchnahme von weiteren überziehungsmöglichkeiten. das, was sie wollen, haben wir als koalition in der letzten legislaturperiode schon gemacht. ich bin bei ihnen: wir werden uns in der zukunft natürlich ansehen, ob das wirklich wirkt. nein, wir machen keine preisregulierung, sondern wir stellen transparenz her. transparenz der preise ist wichtig, damit die kunden, die menschen entscheiden können, zu welcher bank sie gehen. das darf nicht von oben, wie sie sich das vorstellen, vorgeschrieben werden. und wenn sie jetzt sagen, dass wir regelungen brauchen, die dazu führen, dass die preise nicht indirekt zum ausgleich erhöht werden, dann bin ich bei ihnen. aber das agb-recht sorgt doch dafür! wir haben verbraucherverbände, die dann klagen. genau das wird auch durchgesetzt. ihr antrag ist auch da aus dem letzten jahrhundert, könnte man fast sagen. völlig übersehen haben sie, dass die hauptlösungsmöglichkeit für private überschuldung die restschuldbefreiung, die privatinsolvenz ist. die haben wir eingeführt. auch die gerade in der verabschiedung begriffene richtlinie über präventive restrukturierungsrahmen auf der europäischen ebene adressiert ebenfalls genau dieses problem. sie sorgt für weitere erleichterungen bei der restschuldbefreiung, auch mit der entsprechenden möglichkeit für verbraucher, dies instrument zu nutzen. wir haben die bundesregierung ermutigt, dieses verfahren zu betreiben, und das wird auch kommen. deshalb ist ihr antrag überflüssig wie ein kropf, und deshalb lehnen wir ihn ab. vielen dank. herr kollege hirte, herzlichen dank, auch für ihren hinweis darauf, was sie sehen. das sitzungspräsidium ist vollständig; wenn es nicht vollständig wäre, könnten wir gar nicht tagen. herr kollege dr. hirte, wir wollen nicht diskutieren. ich war im saal und habe es auch gehört und mit verwunderung zur kenntnis genommen. als nächster und letzter redner zu diesem tagesordnungspunkt hat der kollege dr. volker ullrich, cdu/csu-fraktion, das wort."
72,01.02.2019,ID197807200,Volker,Ullrich,CDU/CSU,Volker Ullrich,"herr präsident! meine sehr verehrten damen und herren! lassen sie mich zum ende der debatte noch einmal die problematik der dispozinsen sachlich einordnen. die spanne der dispozinsen in deutschland ist weit: sie liegt zwischen prozent bei direktbanken und prozent bei einigen genossenschafts- und raiffeisenbanken. ja, wir haben festzuhalten, dass die dispozinsen in deutschland noch vor wenigen jahren wesentlich höher waren. das war übrigens das ergebnis von marktversagen. aufgrund fehlender aufklärung, mangelnder wechselmöglichkeit und fehlender umschuldungsmöglichkeit sind oftmals bankkunden in der dispofalle gefangen gewesen. es darf heute nicht verschwiegen werden, dass bereits die große koalition der letzten wahlperiode gehandelt hat, und zwar nicht nur, indem sie den banken die verpflichtung auferlegt hat, transparent auf die höhe des zinses aufmerksam zu machen, sondern auch, indem sie eine verpflichtung ins gesetz geschrieben hat, die umschuldung vorzunehmen, damit menschen spätestens nach drei monaten zwingend aus dem dispo herauskommen können. ich glaube, das dürfen sie bei der debatte nicht verschweigen. ja, es gibt fälle, in denen die zinsen heute zu hoch sind. auch ich finde, dass zweistellige dispozinsen ein ärgernis darstellen. ein grund ist beispielsweise, dass wir eine bankenlandschaft haben, in der gerade kleine institute aufgrund ihrer eigenen refinanzierungskosten höhere dispozinsen nehmen müssen. deswegen wäre die frage, ob eine umstrukturierung innerhalb der bankenlandschaft hier vielleicht eine erleichterung bringen könnte. wir müssen auch über die frage sprechen, inwieweit bankgebühren zu den dispozinsen hinzutreten. es wäre nichts gewonnen, wenn wir einen gesetzlichen deckel bei den dispozinsen einführen und die banken gleichzeitig das, was sie nicht mehr an dispozinsen nehmen, bei den bankgebühren draufschlagen. ich glaube, hier ist eine ganzheitliche sichtweise angemessen. wenn sie die frage stellen: wie können wir den menschen helfen, die in finanziellen schwierigkeiten sind? , dann sage ich ganz ehrlich: bei den menschen, die am ende des monats schwer über die runden kommen, kommt es nicht allein darauf an, wie hoch die dispo zinsen sind. vielmehr kommt es darauf an, dass die menschen eine ordentliche erwerbsarbeit haben, dass sich die einnahmesituation der menschen verbessert. in diesem zusammenhang möchte ich etwas ansprechen, was heute noch niemand gesagt hat: wir haben im augenblick eine rekordbeschäftigung in deutschland. diese koalition hat einen mindestlohn eingeführt. wir erhöhen die erwerbsminderungsrente. wir kümmern uns also, damit die menschen ganz konkrete verbesserungen bei ihrer erwerbsarbeit erfahren. das haben sie, meine kollegen von der linken, tunlichst verschwiegen. ja, wir müssen das augenmerk auch auf die menschen legen, die in einer schuldenfalle gefangen sind. das geht durch eine verbesserung der schuldnerberatung. unsere botschaft ist ganz klar: wer in einem schuldenkreislauf ist, darf deswegen nicht stigmatisiert werden. vielmehr müssen wir diesem menschen hilfe anbieten, hilfe in bezug auf das finden einer neuen beschäftigungsmöglichkeit, aber auch hilfe, seine schulden stück für stück loszuwerden. ich glaube, das ist ganz konkrete, notwendige hilfe zur selbsthilfe. wir haben, meine damen und herren, einen ganzheitlichen ansatz. wir sagen nicht einfach: wir deckeln die dispozinsen, und alles ist gut. das thema muss vielmehr grundsätzlich und umfassend angegangen werden. aber ich sage ihnen auch, die banken sind genauso in der pflicht, im rahmen ihres geschäftsgebarens dafür sorge zu tragen, dass es fair und gerecht zugeht. herzlichen dank. vielen dank, herr kollege dr. ullrich. damit schließe ich die aussprache. interfraktionell wird überweisung der vorlage auf drucksache / an die in der tagesordnung aufgeführten ausschüsse vorgeschlagen. die federführung ist jedoch strittig: die fraktionen von cdu/csu und spd wünschen federführung beim ausschuss für recht und verbraucherschutz, die fraktion die linke wünscht federführung beim finanzausschuss. ich lasse zuerst abstimmen über den überweisungsvorschlag der fraktion die linke, federführung beim finanzausschuss. wer stimmt für diesen überweisungsvorschlag? wer stimmt dagegen? dann stelle ich fest, dass gegen die stimmen der fraktion die linke mit den stimmen der übrigen fraktionen des hauses der überweisungsvorschlag abgelehnt worden ist. ich lasse nun abstimmen über den überweisungsvorschlag der fraktionen der cdu/csu und der spd, federführung beim ausschuss für recht und verbraucherschutz. wer stimmt für diesen überweisungsvorschlag? wer stimmt dagegen? enthaltungen? auch keine. dann ist dieser überweisungsvorschlag gegen die stimmen der fraktion die linke mit den stimmen der übrigen fraktionen des hauses angenommen."
73,01.02.2019,ID197807300,Sevim,Dağdelen,DIE LINKE,Sevim Dağdelen,"herr präsident! meine damen und herren! in seiner abschiedsrede am . januar hat us-präsident eisenhower eindringlich vor dem militärisch-industriellen komplex gewarnt. heute, am . februar , scheint es endgültig so zu sein, dass dieses netzwerk aus politik und rüstungsindustrie die agenda des us-präsidenten bestimmt. die heutige kündigung des abkommens über die vernichtung landgestützter atomar bestückbarer mittelstreckenraketen, den inf-vertrag, der der kern der sicherheitsarchitektur in europa ist, ist eine katastrophale entscheidung von us-präsident trump. die linke sieht in dieser entscheidung eine gefährdung der internationalen sicherheit und von frieden und sicherheit in europa. wir als linke verurteilen diesen verantwortungslosen akt von us-präsident trump aufs schärfste, meine damen und herren. aufs schärfste, denn ohne diesen vertrag geht es zurück in die -jahre, in die zeit der pershing ii und der ss- , in die zeit des atomaren wahnsinns und wettrüstens. das dürfen wir nicht akzeptieren, und das darf man auch nicht einfach nonchalant hinnehmen, wie es die bundesregierung tut. zur erinnerung: der abschluss dieses inf-vertrags zwischen der sowjetunion und den usa im dezember demonstrierte der welt die möglichkeiten der friedlichen koexistenz. was damals, im kalten krieg, möglich war, das sollte doch auch jetzt möglich sein. es muss doch möglich sein, diesen vertrag aufrechtzuerhalten. die kündigung dieses so wichtigen vertrags jetzt durch trump ohne den wirklichen versuch einer ansatzweisen verständigung über diese meinungsverschiedenheiten ist unbegreiflich. dabei stehen die damals bei vertragsabschluss vereinbarten verifikationsinstrumente heute noch zur verfügung, um die einhaltung dieses vertrages zu kontrollieren. hiermit komme ich zu dem eklatanten versagen der deutschen außenpolitik. es ist wirklich ein trauerspiel, dass herr außenminister maas mit anderen ländern in europa keine ernsthafte vermittlungsinitiative ergriffen hat, um die möglichkeiten eines gemeinsamen diplomatischen handelns überhaupt zu eruieren, um eine aktive vermittlungspolitik zu betreiben, die beide seiten, usa und russland, dazu bewegen soll, die konflikte über die verifikation des vertrages in gesprächen ohne vorbedingungen zu lösen. stattdessen hat herr maas verbal seine vermittlungsbereitschaft betont, sich aber sofort hinter us-präsident trump und seine vorwürfe gegen russland gestellt, und das auch noch, wie die bundesregierung auf meine parlamentarische anfrage antwortete, ohne eigene erkenntnisse zu haben. ich finde, wer so auftritt wie herr maas, muss sich nicht wundern, dass er überhaupt nicht mehr ernst genommen wird. mit tony blair gab es bereits einen sozialdemokraten in europa, der aufgrund seiner extremen hörigkeit gegenüber einem rechtskonservativen us-präsidenten als bushs pudel geschmäht wurde. wenn ich mir die performance von ihnen, herr maas, anschaue, muss ich fragen, ob sie tony blair hier nacheifern wollen. ich rate es ihnen jedenfalls nicht. ich will auch daran erinnern, dass dies nicht der erste wichtige internationale vertrag ist, der von trump aufgekündigt wird. jüngst wurde das atomabkommen mit dem iran aufgekündigt. und jetzt soll auch die verlängerung des new-start-abkommens über die obergrenze strategischer nuklearwaffen scheitern, weil dies nach den worten des us-präsidenten ich zitiere nicht im interesse amerikas sei. ich frage mich natürlich: was muss dieser rechte us-präsident eigentlich noch tun, damit herr maas und frau merkel ihre blinde gefolgschaft beim amoklauf von trump einfach mal beenden und stoppen? wenn man nur etwas rückgrat hätte und die sicherheit der bevölkerung in deutschland und in europa im blick hätte, müsste man folgendes tun: erstens müsste man die usa öffentlich dazu auffordern und druck machen, dass sie in diesem vertrag verbleiben. zweitens müsste man gegenüber den usa klarmachen, dass die bundesrepublik deutschland einer weiteren stationierung neuer us-atomwaffen auf deutschem boden nicht zustimmen wird. meine damen und herren, damit verträte man das interesse der bevölkerung in deutschland und nicht trumps interesse. frau kollegin, kommen sie bitte zum schluss. und dritter punkt der abzug der us-atomwaffen von deutschem boden ist endlich einzuleiten, damit auch die anderen europäischen länder nachziehen können. abrüstung ist das gebot der stunde. vielen dank. herzlichen dank. als nächster redner spricht zu uns der kollege roderich kiesewetter, cdu/csu-fraktion."
74,01.02.2019,ID197807400,Roderich,Kiesewetter,CDU/CSU,Roderich Kiesewetter,"herr präsident! meine sehr geehrten damen und herren! liebe kolleginnen und kollegen! das thema mittelstreckenraketen und inf-vertrag verdient eine besonnene und sehr nüchterne betrachtung. warum unterhalten wir uns heute darüber? bereits vor zehn jahren hat russland, hat putin deutlich gemacht, dass der inf-vertrag ein relikt des kalten krieges ist. seit haben die usa mit über gesprächsangeboten versucht noch unter der obama-administration , mit russland ins gespräch zu kommen. alles ohne erfolg. für uns als cdu/csu sind vier punkte sehr wichtig: erstens der schutz unserer bevölkerung, unserer bürgerinnen und bürger vor dieser neuen nuklearen gefahr der russischen raketen. zweitens ist es für uns ganz wichtig, dass wir uns in der nato nicht erpressen lassen, dass wir uns nicht spalten lassen, dass von dieser debatte, die gerade in schrillen tönen anklang, kein gefühl der angst und bedrohung ausgeht. es geht uns darum, dass wir sehr nüchtern die lage analysieren und auf gar keinen fall sonderwege beschreiten. das führt mich zum dritten punkt. was die linke fordert, ist ein deutscher alleingang, ein deutscher sonderweg. sie verlangt nämlich die aufgabe der nuklearen teilhabe. man muss sich das einmal vorstellen: russland füllt die arsenale mit neuen nuklearraketen, verweigert den einblick, ob diese den inf-vertrag verletzen oder nicht, und die linke möchte, dass der westen, dass die nato die regale räumt. was ist das für eine abrüstungsdebatte, wenn die einen aufrüsten und die anderen abrüsten sollen? einseitige abrüstung hat noch nie zu frieden geführt, aufrüstung aber auch nicht. es geht um sinnvolle, gemeinsame abrüstung; das ist die position der cdu/csu. diese einseitigen schritte führen mich zum vierten punkt. für uns ist es von ganz besonderer bedeutung, dass wir die ausbreitung von nuklearwaffen in europa verhindern. wenn die bundesrepublik deutschland auf die nukleare teilhabe verzichtet, führt das automatisch dazu, dass länder östlich von uns ihrem bedrohungsgefühl freien lauf lassen und mit den usa sonderabkommen erzielen wollen, um selbst nuklearwaffen auf ihrem boden stationiert zu bekommen, weil in diesen ländern aus der geschichte heraus ein anderes bedrohungsgefühl vorherrscht als bei uns. ich warne davor, dass mit diesem vorschlag der zusammenhalt der nato gespalten wird. es kann weder im interesse der linken sein, dass plötzlich in anderen nato-staaten der ruf nach nuklearer aufrüstung laut wird, noch kann es im interesse anderer parteien dieses hauses sein. worauf läuft es hinaus? wir europäer sollten einmal die lage analysieren, sollten analysieren, was russland und die usa bewegt. warum hat russland aufgerüstet? und warum sind die usa aus dem durch russland gebrochenen vertrag heute ausgestiegen? wir haben jetzt noch sechs monate zeit. weil sich in den letzten jahren die welt erheblich verändert hat: länder wie china, nordkorea, indien, aber auch pakistan und der iran sind im besitz von mittelstreckenraketen, einige dieser staaten auch von nuklearwaffen. wir sollten einmal nachvollziehen, dass das sicherheitsgefühl von südkorea und japan angesichts dieser nuklearen aufrüstung ein etwas anderes ist und dass die amerikaner eben nicht den vertrag brechen wollen, indem sie dort solche mittelstreckenraketen stationieren, und umgekehrt russland sicherlich auch nicht erfreut ist, dass china solche raketen stationiert. deshalb sieht die lösung etwas anders aus, als von frau dağdelen vorgeschlagen. unser außenminister maas hat ja ein paar punkte angesprochen. ich möchte das aus sicht der union bewerten und auch hier vier punkte ansprechen: erstens. wir sollten im rahmen einer verhandlungsinitiative alles tun, dass der inf-vertrag erhalten bleibt oder ein neues, überprüfbares system bekommt, in dem die russen auch bestimmte verifikationsleistungen erbringen. zweitens. ich finde es gut, dass das auswärtige amt im märz eine entsprechende konferenz einberuft, auf der diese waffensysteme, aber auch cyberwaffen und autonome waffensysteme erst mal analysiert werden. wir müssen uns doch als bundesrepublik deutschland eine eigene meinung und haltung erarbeiten. ein weiterer punkt ist, dass wir ein verifikationssystem aufbauen, das überprüfbar ist, um dann in einem vierten schritt eine globalisierung zu ermöglichen. deutschland mit sitz im weltsicherheitsrat hat sich vorgenommen, gemeinsam mit frankreich die agenda im märz und im april zu bestimmen. ich hielte es für gut aus unionssicht würden wir es begrüßen , wenn wir eine initiative starten würden zur erweiterung der internationalen abrüstung auf die frage der behandlung von mittelstreckenraketen auch im format mit china, indien, pakistan und iran. das ist ein langfristthema. herr kollege, kommen sie zum schluss, bitte. kurzfristig müssen wir zusammenstehen, den schutz unserer bevölkerung garantieren und den zusammenhalt in der nato bewahren. herzlichen dank. vielen dank. als nächster redner hat das wort der kollege dr. robby schlund, afd-fraktion."
75,01.02.2019,ID197807500,Robby,Schlund,AfD,Robby Schlund,"herr präsident! liebe kollegen! werte gäste auf den rängen! vor ungefähr zehn minuten haben wir erfahren aus einer pressekonferenz von herrn pompeo , dass die usa den inf-vertrag definitiv verlassen werden. das ist traurig. dabei hat der russische botschafter in berlin, sergej netschajew, vor wenigen tagen den inf-vertrag ich zitiere mit erlaubnis des präsidenten als einen eckpfeiler des europäischen sicherheitssystems und einen der wichtigsten abrüstungsverträge der welt bezeichnet. die afd-bundestagsfraktion und ich ganz persönlich danken dem botschafter für diese klare position, da wir diese meinung teilen. ja. wir glauben botschafter netschajew auch, wenn er betont, dass russland keine konfrontation mit anderen staaten sucht. warum sollte russland auch diese art von konfrontation suchen? wenn sie sich die zeit nehmen und einfach mal eine weltkarte anschauen, dann werden sie merken, dass die atomaren mittelstreckenraketen mit einer reichweite von bis kilometern lediglich teile von alaska erreichen können; dort wohnen kaum menschen. umgekehrt wären die nutznießer eines austritts aus dem inf-vertrag eher die usa; denn sie könnten nicht nur von westeuropa, sondern auch von fast weltweit verteilten militärbasen russisches territorium erreichen, meine damen und herren. man muss kein guter militärstratege sein nicht so wie sie , um zu erkennen, dass die neue militärdoktrin der usa den austritt aus dem inf-vertrag geradezu nötig macht. er ist nun vollzogen worden. das ist einfache militärtaktische logik, meine damen und herren. hier noch mal zum verständnis für die, die immer so reinquatschen müssen: zur neuen militärstrategie der usa gehören elemente wie prompt global strike mit marschflugkörpern, cyberwaffen und drohnentaktik mit zigtausend unbemannten flugkörpern. außerdem falls sie das noch nicht wissen haben die usa in ihrer militärdoktrin ausdrücklich das führen eines atomaren erstschlags gegen einen beliebigen gegner nicht ausgeschlossen. dennoch war die russische seite am . januar in genf bereit, offen und kompromissbereit auf die usa zuzugehen. aber sie wurden behandelt wie zu zeiten des kalten krieges, meine damen und herren. das geht so nicht. das militärbudget der usa beträgt das zehnfache dessen von russland. da erscheint es geradezu aberwitzig, eine von russland ausgehende bedrohungslage zu konstruieren. die us-administration sollte, statt porzellan zu zerschlagen, auf andere länder zugehen, zum beispiel auf china. china unterliegt nämlich nicht den regeln des inf-vertrages wie auch weitere acht länder. leider fällt unserem außenminister nichts besseres ein, als unbewiesene behauptungen über russische vertragsverstöße zu repetieren wobei ihm tatsächlich zugutezuhalten ist, dass er im gespräch im auswärtigen ausschuss diese woche zugesichert hat besonders im fernsehen , dass deutschland keine mittelstreckenraketen der usa stationieren würde. nehmen wir ihn beim wort! wie wäre es denn mit einem bilateralen abkommen mit russland? oder, besser noch: folgen sie dem positiven beispiel von österreich und treten sie dem atomwaffenverbotsvertrag bei das wäre ein zeichen für unser volk hier in deutschland. die afd fordert die bundesregierung und vor allem den außenminister auf, sich nicht zum unkritischen erfüllungsgehilfen amerikanischer machtumsetzung zu machen. machen sie endlich eigenständige politik im deutschen und europäischen sicherheitsinteresse! zwingen sie die verhandlungspartner wieder an den tisch! und vergessen sie bitte china nicht. eine nun schier unmöglich gewordene erhaltung, erweiterung und modifizierung des inf-vertrages im dialog mit den usa, russland und china zu erreichen, wäre in der tat ein diplomatischer erfolg und ein guter schachzug für unsere sicherheit in europa gewesen; leider. eines sollten die amerikaner wissen: wir in deutschland wollen den kalten krieg nicht zurück. zum wohle unseres volkes darf deutschland nie wieder zwischen die fronten der interessen der usa bzw. russlands geraten. vielen dank, meine damen und herren. vielen dank, herr kollege. als nächster spricht zu uns für die spd-fraktion der kollege dr. karl-heinz brunner."
76,01.02.2019,ID197807600,Karl-Heinz,Brunner,SPD,Karl-Heinz Brunner,"sehr verehrter herr präsident! verehrtes präsidium! meine damen und herren! liebe zuschauerinnen und zuschauer! selten ist eine aktuelle stunde so aktuell wie diese: etwa vor einer stunde hat mike pompeo in washington die erklärung abgegeben, dass die usa aus dem inf-vertrag ich sage bewusst aussteigen wollen. er hat die kündigung ausgesprochen, einen tag vor ablauf der frist und eine halbe stunde, nachdem die kanzlerin die begründung in der frankfurter allgemeinen zeitung bereits geliefert hat. meine sehr verehrten damen und herren, wir könnten an dieser stelle von historischen augenblicken sprechen. wir könnten darüber sprechen, wie wichtig allein der inf-vertrag ist. wir könnten auch darüber sprechen wie es die linke und die afd gern möchten , dass das ende des inf-vertrags womöglich der anfang einer neuen aufrüstungsspirale ist, der beginn von weniger stabilität, der beginn von mehr unsicherheit. ich möchte aber auch darüber sprechen, dass die möglichkeit besteht, dass dieser vertrag nach der -tage-frist in kein neues regelwerk einfließt, dass dies auch eine nichtverlängerung des new-start-abkommens im jahr zur folge haben könnte oder dass dies als das von dem einen oder anderen in der diskussion noch nicht gehörte, aber bereits leise klingelnde totenglöckchen für den nvv, den vertrag über die nichtverbreitung von kernwaffen, anzusehen ist. warum sage ich das, meine sehr verehrten damen und herren? weil ich die bemühungen unseres außenministers und des auswärtigen amts in den vergangenen wochen gesehen und gemerkt habe. ich habe aber auch ganz deutlich gesehen, dass wir mit einer deutschen lösung, einer solitären lösung der bundesrepublik deutschland, keinen erfolg haben werden. deshalb sage ich an dieser stelle ganz deutlich: unsere antwort muss europa sein! warum haben die vereinigten staaten von amerika und die russische föderation als rechtsnachfolgerin der sowjetunion, zumindest in diesem falle, kein interesse mehr an diesem vertragswerk? das wurde bereits vom kollegen kiesewetter ausgeführt: weil china, nordkorea, pakistan, indien und auch andere länder des nahen und mittleren ostens an atomwaffen arbeiten. es hat aber auch damit zu tun, dass die beiden protagonisten kein interesse an den multilateralen verträgen dieser welt haben, sondern nur bilateral entscheidungen und vereinbarungen treffen sowie verträge schließen wollen. dies, meine sehr verehrten damen und herren, ist für uns in europa nicht weiter zu ertragen. wir in europa waren in den vergangenen wochen und monaten dieses vorspiels bis zum heutigen tage viel zu stumm, wir haben diese eskalation zugelassen und nur zugeschaut, weil in europa der spaltpilz und die zentrifugalkräfte dieses kontinents stärker sind. meine sehr verehrten damen und herren, ich glaube, dass wir einige wichtige punkte berücksichtigen müssen. wir müssen erstens die sechs monate, die uns zeit bleiben also diesen zeitgewinn , dazu nutzen, europa wieder ins spiel zu bringen, ein gemeinsames europa, ein starkes europa, ein europa, das mit einer stimme spricht und als player auf dem spielfeld zurückbleibt. was müssen wir dazu tun? wir müssen zweitens die zweifel unserer östlichen partner und nachbarn ausräumen, dass die bundesrepublik deutschland als die wirtschaftlich stärkste und militärisch zweitstärkste kraft in europa das schutzbedürfnis nicht sichert, und klarmachen, dass sie den artikel des nato-vertrags nicht nur unterzeichnet hat, sondern auch als versprechen der sicherheit unserer nachbarn ernst nimmt, nicht nur aus gründen historischen zweifels, sondern auch aus der notwendigkeit unserer eigenen sicherheit. wir müssen drittens die wiederbelebung der sogenannten verification commission auf den weg bringen, um auch dort den nuklearen bereich miteinzubeziehen und die möglichkeit zu bieten, über die verifikation einen schritt weiterzukommen. denn unser ziel, meine sehr verehrten damen und herren, muss sein, wieder eine verlässliche europäische sicherheitsstruktur zu erhalten, eine sicherheitsstruktur, bei der wir wissen müssen, dass, wenn es tatsächlich zu einer nachrüstung käme, europa im zentrum stehen würde. die chance für europa liegt aber nur darin, den frieden dieses kontinents zu sichern und unsere eigene sicherheit zu gewährleisten. vielen dank. vielen dank, herr kollege dr. brunner. als nächster spricht zu uns der kollege alexander graf lambsdorff, fdp-fraktion."
77,01.02.2019,ID197807700,Alexander Graf,Lambsdorff,FDP,Alexander Graf Lambsdorff,"vielen dank, herr präsident. meine damen und herren! wir haben uns heute hier zu einer aktuellen stunde versammelt, weil wir mit einer außerordentlich bedauerlichen situation konfrontiert sind. es ist jetzt für jedermann sichtbar, dass ein weiterer baustein der abrüstungsarchitektur, der rüstungskontrollarchitektur kurz vor dem ende steht. nach der aufkündigung des vertrages über antiballistische raketen steht jetzt die kündigung des vertrages über mittelstreckenraketen aus, und eben ist es erwähnt worden läuft new start aus, also ein vertrag zur reduzierung strategischer nuklearwaffen. mit anderen worten: große elemente dessen, was unsere sicherheit ausgemacht hat, stehen infrage. unsere gesellschaft ist auf eine solche debatte kaum vorbereitet. vielen kommt das wie ein fernes echo der -jahre vor. aber warum ist die gesellschaft nicht darauf vorbereitet? weil sie systematisch verbal eingelullt wird durch äußerungen des bundesaußenministers im spiegel . das ist verantwortungslos. wir leben in einer welt, in der ein satz von heiko maas wie ich zitiere letztlich wollen doch alle eine welt ohne nuklearwaffen zwar passend ist für den juso-ortsverein in saarlouis, aber mit der realität der welt nichts, aber auch wirklich gar nichts zu tun hat. wir wissen seit , dass russland diesen vertrag massiv verletzt. wo war denn das auswärtige amt, wo waren denn die sozialdemokratischen außenminister vorher? warum hat es keine debatte gegeben? warum fängt, lieber roderich kiesewetter, das auswärtige amt fünf minuten vor zwölf, nämlich erst im märz diesen jahres, an, eine analyse vorzunehmen, während wir heute herrn pompeo in washington hören, wie er den vertrag bereits aufkündigt? das ist alles zu spät. die gesellschaft muss darauf vorbereitet werden, dass wir eine debatte führen müssen. denn die realität, so unbequem sie auch ist, hört sich wie folgt an: punkt eins. auch mit dem ende des kalten krieges ist das nukleare zeitalter nicht zu ende gegangen. es gibt große nuklearmächte auf der welt, die, anders als heiko maas das vermutet, von diesen waffen nicht lassen wollen. punkt zwei. deswegen muss das westliche verteidigungsbündnis, die nato, auch ein nukleares bündnis sein. wir können nicht so tun, als gebe es um uns herum keine nukleare bedrohung. die nato ist der natur der sache nach ein nukleares bündnis. jetzt stellt sich punkt drei die frage: wie verhalten wir uns als deutsche? wollen wir uns aus allen diskussionen abmelden, aus den ethischen debatten über die nukleardoktrin, ja oder nein? wenn wir das nicht wollen, dann müssen wir in der nuklearen teilhabe unseres bündnisses bleiben. dann geht es nicht, wenn herr mützenich schon wieder den pumuckl der sozialdemokratie spielt und erklärt, wir könnten die nukleare teilhabe durch eine beschaffungsentscheidung für den f- nicht fortsetzen; das ginge alles nicht, wir müssten da raus. meine damen und herren von der sozialdemokratie, sie haben eine große sicherheitspolitische tradition. sie sollten diese nur nicht aufgrund des durchsichtigen manövers der linkspartei aufs spiel setzen. ich glaube, dass die debatte, ob wir in deutschland jetzt nachrüsten müssen, ob wir hier stationieren müssen, eine debatte ist, die wir führen müssen. aber ich glaube, sie wird sich weniger dramatisch abspielen als diejenigen glauben, die diese aktuelle stunde beantragt haben. zum einen handelt es sich um landgestützte systeme, die durch den inf-vertrag verboten sind. die rolle seegestützter systeme, die nicht verboten sind, ist in den letzten jahren immer wichtiger geworden. ob es also überhaupt zu einer stationierungsdebatte kommt, müssen wir mal abwarten. wenn es aber zu ihr kommt, dann werden wir sie im rahmen der nato zu führen haben. dazu: ich habe es außerordentlich begrüßt, dass der bundesaußenminister im auswärtigen ausschuss erklärt hat, er wolle eine einheitliche position der nato in dieser frage herbeiführen; das fand ich gut. aber wie kann er denn dann im spiegel schon exakt sagen, was er alles nicht mitzumachen bereit ist? das geht doch nicht. wir müssen das ganze mit den verbündeten in der nato doch erst mal diskutieren. eines will ich auch noch sagen: ein placebo geistert durch die debatte, und das ist die multilateralisierung des vertrages. mit anderen worten: der vertrag wird nicht nur nicht gekündigt, nein, im gegenteil, er wird erhalten, und gleichzeitig tritt china, tritt frankreich, tritt großbritannien bei. dummerweise ist das alles schon mal versucht worden. auch die franzosen und die briten wehren sich gegen eine multilateralisierung. lieber herr brunner, mit blick auf europa lautet die antwort leider: nein! wir müssen mit der realität umgehen, dass wir mittelstreckenraketen in europa behalten. deswegen ist unser zentrales interesse als deutsche, das strategische gleichgewicht zu erhalten und dadurch den frieden zu sichern. und das bedeutet: wir sollten alles daransetzen, den vertrag zu erhalten. wir müssen moskau darum bitten, zur vertragstreue zurückzukehren, herr kollege, kommen sie bitte zum schluss. und washington darum bitten, zum vertrag zurückzukehren. das verifikationsregime, das sie angesprochen haben, herr brunner, ist eines, das wir unterstützen. wenn wir den vertrag erhalten wollen, sind die nächsten sechs monate der zeitraum dafür, den wir ausnutzen müssen. herzlichen dank. als nächster erhält das wort der kollege omid nouripour, fraktion bündnis /die grünen."
78,01.02.2019,ID197807800,Omid,Nouripour,BÜNDNIS 90/DIE GRÜNEN,Omid Nouripour,"herr präsident! meine damen und herren! ich zitiere: mit einer einzigen bombe wurde meine geliebte stadt ausgelöscht. jede sekunde an jedem tag bedrohen atomwaffen jeden, den wir lieben, und alles, was wir wertschätzen. wir dürfen diesen irrsinn nicht länger tolerieren. dieser satz stammt von setsuko thurlow, einer überlebenden der katastrophe von hiroshima, ausgesprochen letztes jahr bei der berechtigten verleihung des friedensnobelpreises an ihre internationale kampagne für die abschaffung von atomwaffen, ican. knapp ein jahr später reden wir darüber, dass das sowieso nicht besonders üppige regelwerk für den umgang mit atomwaffen, unter anderem der inf-vertrag, massiv bedroht ist und jetzt auch von einer seite aufgekündigt wurde. der vertrag ist historisch; das kann man gar nicht oft genug wiederholen. es war der erste vertrag, der nicht nur abrüstung und rüstungskontrolle beinhaltete, sondern auch die abschaffung einer ganzen waffengattung. es ist eine unglaubliche leistung gewesen, dass die mittelstreckenarsenale der damaligen sowjetunion und der usa tatsächlich zerstört worden sind. aber dieser vertrag ist nicht nur ein symbol, sondern dieser vertrag betrifft auch uns und unsere sicherheitsinteressen in mitteleuropa sehr direkt. meine damen und herren, wir haben es heute mit sehr vielen jungen menschen zu tun. es ist ein glück, zu sehen, dass sie sich daher an diesen permanenten schrecken der gegenseitigen nuklearen auslöschung nicht erinnern können. es ist eine kernaufgabe der politik, alles dafür zu tun, damit das so bleibt. deshalb können wir kein interesse an einem wettrüsten haben. ich kann für meine partei sehr klar sagen, dass wir die stationierung von nuklear bestückbaren mittelstreckenraketen in deutschland ablehnen. die debatte ist ja nicht neu. bei dem versuch, darüber zu reden, sagt der eine das, der andere das. dabei werden aber ein paar indizien ausgeblendet. die amerikaner haben beispielsweise den russen sehr klar vorgeworfen, dass sie neue raketen gebaut hätten. die russen haben das drei jahre lang dementiert, aber zugegeben. jetzt wird diskutiert, ob diese raketen , oder über kilometer reichweite haben. viel wichtiger ist aber, dass da vertrauen kaputtgegangen ist, dass da glaubwürdigkeitsprobleme bestehen. ebenso ist der permanente bruch des budapester memorandums durch den eingriff russlands in der ukraine ein massives problem für das regelwerk im umgang mit atomwaffen. das kann man hier einfach nicht verschweigen, wenn man darüber redet, dass vertrauen kaputtgegangen ist. das gilt aber auch für das atomabkommen mit dem iran; das darf man auch nicht vergessen. wir reden über eine sehr komplizierte konstruktion des vertrauens. diese wird derzeit sehr beschädigt. da reicht es nicht, wenn russland auf den letzten metern plötzlich eine transparenzinitiative bringt. da muss mehr kommen. trotzdem ist es grottenfalsch, jetzt den inf-vertrag aufzukündigen. erstens. auch aus amerikanischer sicht: jetzt könnten die russen entwickeln, bauen und stationieren, wie und wo sie wollen. zweitens. new start, quasi die andere hälfte des regelwerks, ist massiv unter druck. es gibt bereits jetzt ankündigungen, auch aus moskau, die verlängerung infrage zu stellen. drittens. eine neue globale rüstungsspirale droht, weil, wie gesagt, das vertrauen zerstört wird. viertens und letztens ist das ende des inf-vertrages auch ein potenzieller riesenspaltpilz innerhalb der europäischen union. das richtige interesse an einer reduktion von spannungen und neuen initiativen für abrüstung kann leicht gegen die ebenso legitime bedrohungswahrnehmung unserer östlichen nachbarn ausgespielt werden. das können wir nicht wollen. abrüstung braucht immer vertrauen. vertrauen kann man, auch wenn es gerade ein rares gut ist, nicht erreichen, wenn man nichts tut. wir müssen jetzt weit mehr aktivitäten an den tag legen. ich wünschte mir, dass die bundesregierung sich für gegenseitige inspektionen einsetzen würde. es geht nicht nur um russland. wenn wir wollen, dass die russen transparenz herstellen und inspektionen zulassen, dann muss auch der westen etwas bieten können. deshalb geht es um ein gegenseitiges verifikationssystem, das nun erhalten werden muss. es ist gut, dass außenminister maas nach bukarest reist, aber ich habe noch nicht ganz verstanden, wie die dringend notwendige europäische einigung dort erreicht werden soll. über abrüstung zu sprechen und zu sagen, das sei wichtig, reicht alleine nicht. es ist ganz dringend notwendig, auch geld dafür in die hand zu nehmen. wir werden sehr genau hinschauen, wie der nächste haushaltsentwurf der großen koalition in diesem bereich aussieht. glaubhafte abrüstung funktioniert nur, wenn die zielsetzung nicht ist, die zahl von atomwaffen zu reduzieren, sondern die, deren existenz zu beenden. das ist die aufgabe, die wir heute haben, und zwar nicht nur für uns, sondern auch für viele generationen nach uns. vielen dank, herr kollege nouripour. als nächstes spricht zu uns der kollege nikolas löbel, cdu/csu-fraktion."
79,01.02.2019,ID197807900,Nikolas,Löbel,CDU/CSU,Nikolas Löbel,"herr präsident! liebe kolleginnen und kollegen! meine damen und herren! dieser inf-vertrag aus dem jahr ist eine historische errungenschaft. ich bin jahrgang . ich kann mich an die debatten über den nato-doppelbeschluss und an die ganzen aufrüstungsdebatten gar nicht erinnern. ich kenne sie nur aus dem geschichtsbuch. aber ich bin froh, dass dieser inf-vertrag der meilenstein für den einstieg in den ausstieg aus der aufrüstung war. heute folgt wahrscheinlich ein nächster meilenstein, weil die amerikaner angekündigt haben, aus dem inf-vertrag aussteigen zu wollen. liebe frau kollegin dağdelen, sie haben vorhin gesagt: was damals möglich war, müsste doch auch heute wieder möglich sein. damals war das möglich, weil der wille auf beiden seiten da war, gemeinsam abzurüsten. dieser wille ist nicht einseitig aufgebraucht. vielmehr müssen wir beide seiten daran erinnern, dass sie den willen aufbringen müssen, sich an diesen inf-vertrag zu halten. damit sind wir beim nächsten punkt, ihrem vorwurf, wir würden bzw. die bundesregierung würde den amerikanern blind gefolgschaft leisten. ich fordere sie auf, erst einmal ihre blinde gefolgschaft gegenüber wladimir putin und russland zu überdenken. denn es war nachweislich russland, das gegen den inf-vertrag verstoßen hat. das ist die ursache für die heutige ankündigung der usa, aus dem vertrag auszusteigen, und nichts anderes. man wird ihr meine grüße bestimmt ausrichten. es geht aber nicht nur darum. herr kollege nouripour, sie haben gerade richtigerweise gesagt, vertrauen sei verloren gegangen. dieser vertrag war aufgebaut auf gegenseitigem vertrauen. dieses vertrauen ist verletzt worden. nicht erst donald trump in einer gewissen intellektuellen kürze, sondern schon sein vorgänger barack obama hat seit darauf hingewiesen, dass russland gegen den inf-vertrag verstößt. erst haben die russen stückchenweise zugestanden, dass es eine neue mittelstreckenrakete gibt. sie haben sich dann auf detailfragen eingelassen, zum beispiel, dass die rakete weniger als kilometer reichweite hat und damit keinen verstoß gegen den vertrag bedeutet. was die russen aber nicht getan haben, ist, sich auf die notwendige schaffung von transparenz einzulassen. wo ist denn die transparenz? wo war sie denn in den letzten tagen, als angela merkel nochmals eine verhandlungsverlängerung herausgeholt hat? wo war denn die notwendige und versprochene transparenz, dass man sich dieses neue waffensystem ssc- einmal anschauen konnte? es wurde keine transparenz geschaffen. ohne transparenz gibt es aber kein vertrauen, und das ist der eigentliche grund für die aufkündigung dieses vertrages. was wir jetzt brauchen, ist folgendes: wir müssen diese sechs-monats-frist, die noch bleibt, nutzen; denn es geht um viel. es geht um den kernbestandteil der internationalen sicherheitsstruktur. es geht um die abrüstungskontrolle, die wir auf neue füße stellen müssen. wir müssen diesen vertrag erhalten. ich glaube schon, dass einer der gründe, warum russland diesen vertrag infrage stellt und wieder aufrüsten will, ist, dass andere länder nicht an diesen vertrag gebunden sind: china, pakistan, der iran. wir müssen für eine erweiterung des inf-vertrages sorgen. man würde wahrscheinlich sagen: einen inf-vertrag . . aber ein einseitiger, ein bilateraler vertrag zwischen russland und amerika ist nicht mehr zeitgemäß. wir müssen diesen vertrag erhalten, aber wir müssen ihn auch erweitern. einerseits geht es in den nächsten sechs monaten darum, dafür die basis zu schaffen. andererseits ist aber auch klar, dass wir uns gedanken machen müssen über die frage: was tun wir eigentlich, wenn die sechs monate erfolglos verstrichen sind? es ist richtig, sich an die historie zu erinnern. dieser inf-vertrag kam nur durch gegenseitige stärke und verhandlungen auf augenhöhe zustande. deswegen dürfen wir von beginn an keine optionen vom tisch wischen, sondern wir müssen dafür sorge tragen, dass wir als nato geschlossen agieren. wir dürfen uns nicht auseinanderdividieren lassen, sondern es braucht ein geschlossenes handeln, aber auch eine entschlossene antwort auf ein mögliches stationieren neuer mittelstreckenraketen durch russland und die nato. deswegen müssen wir auch den russen deutlich machen, wo wir die stationierung solcher mittelstreckenraketen nicht dulden: stichwort kaliningrad und andere. deswegen ist es wichtig, dass wir diese frist von sechs monaten nutzen, um die nato zu stärken und, möglicherweise auch nach diesen sechs monaten, geschlossen und entschlossen eine antwort zu geben; denn die hoffnung, dass der inf-vertrag innerhalb dieser sechs monate bestehen bleibt, ist das eine. aber dass vielleicht diese sechs monate verstreichen und wir auch danach weiterarbeiten müssen, sodass es zu einem neuen inf-vertrag kommt, ist das andere. dies sollten wir nicht von beginn an vom tisch wischen, indem wir mögliche optionen außen vor lassen. wir nutzen diese zeit auch als mitglied des un-sicherheitsrates. wir haben uns auf die fahne geschrieben, dass wir die abrüstung in den mittelpunkt unseres ratsvorsitzes stellen wollen gemeinsam mit frankreich. das ist das einzig richtige, was wir in dieser situation tun können. nutzen wir unsere verantwortung; denn der inf-vertrag ist der meilenstein für die sicherheit in europa und damit auch für deutschland. insoweit sollten wir unserer verantwortung gerecht werden. herzlichen dank für die aufmerksamkeit. vielen dank, herr kollege. als nächster redner erhält das wort der kollege jens kestner, afd-fraktion."
80,01.02.2019,ID197808000,Jens,Kestner,AfD,Jens Kestner,"sehr geehrter herr vorsitzender! werte kolleginnen und kollegen, die besucher auf den tribünen und vor allen dingen auch die damen und herren, die zu hause vor den bildschirmen sitzen! die ankündigungen der usa waren hart. ja, sie waren letztendlich sogar ultimativ. das ergebnis steht nun fest: die usa haben den vertrag einseitig aufgekündigt. wenn man nun auf der zeitleiste zurückgeht: was war passiert? schon lange werfen die usa den russen vor, den inf-vertrag gebrochen zu haben und raketensysteme durchaus nicht nur zu testen, sondern auch in betrieb zu haben; raketensysteme, die eine reichweite von deutlich über kilometern besitzen. damit würden sie den vertrag verletzen. die russische seite wiederum verneint dies und verweist auf eine maximale reichweite ihrer systeme von unter kilometer. dieses wäre vertraglich erlaubt. im gleichen atemzug kritisiert die russische seite die provokative einrichtung eines us-amerikanischen raketenabwehrsystems nahe der russischen grenze. was ist nun das problem? was ist die krux, meine damen und herren? die krux ist, dass beide parteien sich nicht mehr vertrauen. doch gerade vertrauen und zuversicht haben damals helmut schmidt und hans-dietrich genscher in die lage versetzt, den grundstein für den späteren inf-vertrag zu legen. us-präsident reagan und der sowjetische generalsekretär gorbatschow sind diesen weg zu ende gegangen und haben mit der unterzeichnung des inf-vertrages ein klares zeichen in die welt gesendet. dieses zeichen war der anfang vom ende des kalten krieges. selbstverständlich das haben auch meine vorredner schon gesagt muss dieser vertrag erhalten bleiben. das sollte der oberste auftrag sein, gerade für uns deutsche, für uns europäer. nach der aussage der amerikanischen seite verbleiben jetzt noch sechs monate, bis der endgültige schnitt, ja bis das endgültige ende dieses vertrages feststeht. aber ich sehe von unserer bundesregierung und vor allen dingen von unserem minister, der heute hier nicht unter uns weilt, kein feuer, keine leidenschaft, diesen vertrag zu verlängern und sich dementsprechend einzubringen. anstatt in die rolle eines maklers zu schlüpfen, sehe ich ihn nur an der außenlinie stehen, mit dem ausgestreckten finger in eine richtung zeigend. dann muss ich herrn maas sagen: wer sich hinstellt und nur in eine richtung zeigt, und zwar mit dem zeigefinger, der kann kein vertrauen gewinnen, der kann niemanden an einen tisch holen, und der wird auch keine ergebnisse erzielen. das hauptziel der diplomatie muss es sein, diesen vertrag zu erhalten; darin sind wir uns alle einig, das sagte ich eben schon. wenn uns das gelingt, dann müssen wir aber auch dafür sorgen, dass alle neuen waffen- und drohnensysteme, die bisher vielleicht den vertrag unterlaufen, ein bestandteil dieses regelwerkes werden. sollte es doch zum endgültigen einseitigen bruch kommen momentan sieht es ja so aus , dann muss alles darangesetzt werden, die beteiligten an einen tisch zu bekommen. wenn ich beteiligte sage, dann meine ich nicht nur russland und die usa, sondern dann meine ich auch china und indien. alle zusammen müssen dann der kollege vor mir hat es eben inf . genannt so etwas wie einen inf-plus-vertrag machen, wie ich es nennen würde, einen neuen vertrag, mit dem alles abgedeckt ist und in dem alle waffensysteme aufgeführt sind. gerade china lassen sie mich das sagen spielt dabei eine bedeutende rolle. wir leben nicht mehr in den -jahren. die bedrohungslage auf der welt hat sich geändert. damals gab es den kalten krieg. da gab es die beiden blöcke: die usa und die sowjetunion. aber nun gibt es mehrere hauptakteure auf dem spielfeld. diese nicht zufriedenstellende situation müssen wir nutzen, um alle beteiligten an einen tisch zu bekommen zum wohle aller. wenn ich sage zum wohle aller und an einen tisch zu bekommen , dann bin ich wieder bei der bundesregierung, dann bin ich wieder bei unserem außenminister. ich kann ihm nur ergänzend sagen: machen sie sich gerade! bringen sie sich ein! springen sie über ihren außenpolitischen schatten, er ist ja klein genug. reden sie auch mit den leuten, mit denen sie nicht reden wollen. bringen sie diesen menschen vertrauen entgegen. sorgen sie dafür, dass der vertrag bestand hat, oder setzen sie neue zielmarken für einen neuen vertrag. vielen dank. vielen dank. als nächster redner hat das wort der kollege christoph matschie, spd-fraktion."
81,01.02.2019,ID197808100,Christoph,Matschie,SPD,Christoph Matschie,"herr präsident! werte kolleginnen und kollegen! der inf-vertrag ist heute gekündigt worden. ich finde, das ist kein moment für schrille töne, wie wir sie von der linken gehört haben, aber auch zum teil von herrn schlund von der afd. das ist eigentlich ein moment für nachdenklichkeit. die debatte über den inf-vertrag führen wir ja schon seit langem. seit jahren gibt es die debatte um die verletzung dieses vertrages. seit jahren gibt es bemühungen darum, wie dieser vertrag eingehalten werden kann. ich will gleich zu beginn mit einer legende aufräumen. es war insbesondere die bundesregierung, von der bundeskanzlerin bis zum bundesaußenminister, die dafür gesorgt hat, dass zunächst eine frist von tagen vereinbart wurde, um die einhaltung des vertrages vielleicht doch noch zu ermöglichen. und: ich bin sicher, dass sich die bundesregierung, von der kanzlerin bis zum außenminister, auch in den kommenden monaten vehement dafür einsetzen wird, alle noch verbleibenden möglichkeiten zu nutzen, in den nächsten sechs monaten zu diesem vertrag zurückzukehren. jeder, der sich mit der politischen situation auskennt, weiß aber auch, wie schwer dieses unterfangen ist. am ende ist auch klar: das ist ein vertrag zwischen zwei staaten, nämlich den usa und russland. wir können aber auf die politische debatte in diesem zusammenhang einwirken, und das müssen wir auch tun. ich glaube, vielleicht ist nicht einmal die verschiebung so entscheidend, die sich durch eine mögliche vertragsverletzung durch russland im militärischen gleichgewicht ergibt. viel entscheidender ist, was politisch passiert, weil hier vertrauen zerstört wird, weil hier etwas aufgegeben wird, was wir schon einmal erreicht hatten, nämlich abrüstung und rüstungskontrolle zu vereinbaren, gegenseitige transparenz möglich zu machen. das ist der eigentliche schwierige punkt an dieser situation. werte kolleginnen und kollegen, man kann über die militärischen implikationen lange streiten, über die frage, wie das gleichgewicht hergestellt wird. wir wissen auch, dass in den letzten jahren die frage der landgestützten mittelstreckenraketen im atomaren bereich an bedeutung verloren hat, weil ein großteil dieser atomaren mittelstreckenwaffen heute seegestützt und luftgestützt ist. deshalb, glaube ich, sollten wir jetzt ganz und gar nicht in eine rüstungslogik eintreten, in eine nachrüstungsdebatte, sondern wir sollten überlegen: welche politischen instrumente haben wir in der hand, um wieder vertrauen herzustellen, die basis herzustellen, auf der der inf-vertrag vielleicht fortgesetzt werden kann? oder, wenn das nicht möglich ist: wie kann mit neuen vereinbarungen für transparenz, für gegenseitige berechenbarkeit und damit für sicherheit gesorgt werden? eines ist doch auch in den -jahren klar geworden: sicherheit kann es nicht nur gegeneinander geben. je höher wir die rüstungsspirale schrauben, desto mehr wächst natürlich das risiko, dass fehler passieren, desto höher wird das eskalationspotenzial. das war der grund, weshalb in den -jahren der abrüstungsvertrag geschlossen worden ist. denn es war klar: diese aufrüstungslogik führt nicht zu mehr sicherheit. sie führt zu mehr unsicherheit. sie muss deshalb beendet werden. diese erkenntnis muss uns auch heute leiten. deshalb bin ich dagegen, dass wir heute schon darüber nachdenken: was wäre denn, wenn? muss man jetzt neue mittelstreckenwaffen in erwägung ziehen, die landgestützt sind und die vielleicht in europa stationiert werden sollen? nein, dazu ist nicht die zeit. jetzt ist die zeit politischer argumente und gegenseitiger vertrauensbildung. ich persönlich glaube auch, wir sollten raus aus der debatte wer hat was gemacht? , sondern rein in die debatte: wer kann was tun, um dieses gegenseitige vertrauen und diese sicherheit wiederherzustellen? gestatten sie mir zum schluss noch eine bemerkung; manchmal sind wir ja sehr im moment gefangen. es ist erst gut acht jahre her, dass ein amerikanischer präsident öffentlich erklärt hat, seine vision sei eine welt ohne atomwaffen. damals ist der new-start-vertrag unterzeichnet worden. damals hat man eine umfangreiche abrüstung vereinbart. ich finde, wir müssen alles daransetzen und unser politisches gewicht einsetzen, um zu dieser logik zurückzukommen hin zu einer dynamik einer welt ohne atomwaffen. das heißt, diese waffen schritt für schritt zu begrenzen, vertrauen herzustellen, transparenz zu sichern. dann sind wir auf dem richtigen weg. vielen dank, herr kollege. als nächstem redner erteile ich das wort dem kollegen dr. alexander s. neu. das muss gesagt werden: fraktion die linke."
82,01.02.2019,ID197808200,Alexander S.,Neu,DIE LINKE,Alexander S. Neu,"sehr geehrter herr präsident! sehr geehrte damen und herren! die atomkriegsuhr steht seit zwei jahren auf weniger als zwei minuten vor mitternacht. dieser zustand wurde erst einmal, nämlich im jahre , erreicht; es ist also sehr ernst. der einseitige ausstieg aus dem inf-vertrag seitens der usa, der heute verkündet wurde, verschlimmert diese situation dramatisch. worum geht es? es geht darum, dass sich russland und die usa gegenseitig einen bruch des inf-vertrages vorwerfen. die usa behaupten, russland breche mit der entwicklung des marschflugkörpers ssc- den inf-vertrag. russland wiederum behauptet, die usa verwendeten in rumänien und polen das system mk- , welches nuklearbestückbare marschflugkörper abschießen könne. kommen wir zur beweislage. jede seite verfügt über genau null beweise; es sind lediglich behauptungen. vor weihnachten erhielten wir aus dem auswärtigen amt eine zuleitung von drei dokumenten, die angeblich als beweise dienen sollten. das problem: alle drei dokumente beinhalten null beweise. weder konnte bewiesen werden, dass russland einen vertragsbruch macht, noch konnte bewiesen werden, dass sich die usa vertragstreu verhalten. erstaunlich ist am dritten dokument, dass die usa darin selber zugeben ich zitiere : in abwesenheit irgendeiner glaubhaften erklärung von russland zu der neuen rakete würde die plausibelste einschätzung sein, dass russland den vertrag verletzt. also einschätzung statt beweis. kurzum, außer heißer luft nichts gewesen. ferndiagnosen, ob russische ferndiagnosen oder amerikanische ferndiagnosen, ersetzen eben keine vor-ort-inspektionen inklusive datentransfer und testflügen. daher fordert die linke eine erneuerung des verifikationsregimes. herr lambsdorff, hören sie gut zu! was hindert die usa daran, was hindert russland daran, ein verifikationsregime im rahmen des inf-vertrages um die komponente inspektionen bei aktuellen verdachtsfällen zu erneuern? nichts würde sie daran hindern. russland hat vor wenigen wochen eine transparenz offensive gestartet. am . januar bot russland den usa in genf die inspektion genau dieses waffensystems an. was taten die usa? sie lehnten es ab. spiegel online titelte daraufhin: usa verpassen chance für abrüstung. und weiter: deutsche und amerikanische rüstungskontrollexperten werfen der us-regierung vor, eine chance verpasst zu haben, den inf-vertrag zum verbot landgestützter atomwaffen zu retten. ein kurzer exkurs: wie ist das verhalten der usa zu erklären? us-sicherheitsberater john bolton hat im jahre im wall street journal einen artikel verfasst. ich zitiere daraus die zentrale aussage: der inf-vertrag hat sich schon lange überlebt. er sollte geändert oder gänzlich verworfen werden. so bolton, der aktuelle sicherheitsberater von trump. exkurs beendet. wenige tage später setzte moskau seine in der tat suboptimale transparenzoffensive fort. es wurden auch westliche militärattachés südlich von moskau eingeladen, inklusive des deutschen. alle verweigerten die teilnahme. warum eigentlich? was ist denn die rolle der bundesregierung? die bundesregierung hat das getan, was sie immer tut: in sicherheitspolitischen fragen komplett zu versagen und ohne nöte auf die us-linie einzuschwenken. vasallentreue statt aufklärungswille. nato first ist die politische philosophie der groko, und das auf kosten der europäischen sicherheit. die linke fordert daher von der bundesregierung endlich eine reale verantwortungsübernahme. deutschland könnte russland anbieten, ein deutsches inspektionsteam aufzubauen. da aber die bundesregierung in dieser frage nicht neutral ist, wäre es sinnvoll, wenn ein zweiter staat sich dem anschließen könnte. südafrika wäre genau ein solcher kandidat. südafrika wäre geeignet, da südafrika keinem militärbündnis angehört und auch keine interessen in europa hat. im übrigen verfügt südafrika über das nötige know-how. zugleich müsste ein russisch- südafrikanisches inspektionsteam gegründet werden zwecks überprüfung des systems mk- der usa. die linke fordert von der bundesregierung auch eine klare aussage: keine stationierung von us-mittelstreckenraketen in deutschland. aber genau diese aussage fehlte heute seitens der groko. sie hat sie bis heute nicht gemacht. abschließend, sehr geehrte damen und herren: die linke fordert von der bundesregierung, sich endlich den wirklichen gefahren für die menschheit zu stellen, nämlich bekämpfung des klimawandels, bekämpfung der plastikflut und bekämpfung der armut, statt die atomkriegsuhr weiter voranzudrehen. vielen dank. vielen dank, herr kollege dr. neu. als nächster redner erhält das wort der kollege christian schmidt, cdu/csu-fraktion."
83,01.02.2019,ID197808300,Christian,Schmidt,CDU/CSU,Christian Schmidt,"herr präsident! liebe kolleginnen und kollegen! bei der letzten rede habe ich einen kurzen moment gedacht, ich sei irgendwie im falschen film, es sei ja alles irgendwie fiktion. lieber herr neu, ich kann sie beruhigen: es ist trotz ihrer mühseligen zusammenführung von widersprüchlichen thesen nicht so. das waffensystem existiert. wir durften es nicht sehen; wir dürften nur das etui sehen. okay, wenn stimmt, was von moskauer seite gesagt wird sie haben es übernommen , dann hat es keine reichweite von kilometern damit wäre es im bereich der verletzung des inf-vertrages , sondern kilometer. na, das ist ja eine tolle argumentation, zu sagen: es ist doch gar nichts passiert. es ist doch alles normal. das heißt allerdings auch, dass ich schon überrascht bin, wie auf der linken und auf der rechten seite des hauses argumentiert wird. das highlight lieferte ja herr dr. schlund. er offenbarte eine interessante zusammenfassung von ahnungslosigkeiten über nuklearstrategien. bei den linken war das genauso, sodass hier der eindruck entsteht und entstanden ist herr präsident, auf der linken seite höre ich irgendwie nur gequassel. herr schmidt, erlauben sie mir eine kurzfristige bemerkung. bitte. liebe kolleginnen und kollegen, wenn sich einzelne zwischenrufe zu einem geräuschpegel entwickeln, haben wir ein problem. erstens. die meist klugen zwischenrufe können wir nicht verstehen. zweitens. sie können für die ewigkeit nicht festgehalten werden, weil die protokollführer sie ebenfalls nicht verstehen können. drittens. herr schmidt weist zu recht darauf hin: das stört den redner, der bestimmt auf den einen oder anderen intelligenten zwischenruf antworten würde. also, hören sie herrn schmidt zu, selbst wenn es ihnen schwerfallen sollte. herr kollege schmidt, sie haben das wort. herzlichen dank, herr präsident, für die für uns alle interessanten hinweise. ja, argumentation und diskussion im nuklearbereich erfordern tiefe, erfordern es ist gesagt worden ruhige diskussion und überlegung. ja, es war der inf-vertrag. es war der waldspaziergang von paul nitze und julij kwizinski, der einen fortschritt und einen durchbruch gebracht hat, der verifikation allerdings nicht in den vordergrund des vertrages gerückt hat, weil ja alle waffen abgeschafft worden sind. jetzt sind wir in der tat in einer bestimmten situation, in der wir sagen: das vertrauen, das zwischen paul nitze und julij kwizinsjki da war, ist nicht mehr vorhanden. dieses vertrauen ist durch raketenentwicklungen im russischen bereich kräftig gestört worden. es muss versucht werden, dieses vertrauen wiederherzustellen. es gab, ich glaube, an die versuche in den letzten sechs jahren von amerikanischer, von internationaler seite, zu sagen: nun lasst doch mal verifizierung und inspektionen zu; dann wissen wir, worüber wir reden, auch im hinblick auf eure grundlagen. darauf wurde leider nie reagiert, und deswegen ist es logisch, dass sich die usa auf die erkenntnisse, die durchaus sehr differenziert sind, stützen, die besagen: ja, hier liegt eine evidente verletzung des inf-vertrages vor. vielleicht hätten wir uns von europäischer seite in den letzten sechs jahren in diese angelegenheit mehr einmischen müssen. tua res agitur, unsere sache wird hier verhandelt. bei mittelstreckenraketen geht es schließlich um unsere sicherheit. wir sollten mit vorschlägen für eine fortschreibung und weiterentwicklung des inf-vertrags werben. das bedeutet natürlich verifikation. wir müssen auch die anderen länder, die noch nicht in nennenswertem umfang über mittelstreckenraketen verfügten, einbeziehen. im vordergrund muss aber stehen, dass wir gemeinsam eine vertrauensbasis finden. in dieser hinsicht halte ich die äußerungen aus russland für nicht sehr förderlich. wir müssen agieren und handeln, weil im jahr der letzte abrüstungsvertrag zur verlängerung ansteht, nämlich der new-start-vertrag von , der auf dem geiste des inf-vertrags aufbaut. es ist notwendig, dass wir eine nüchterne agenda schaffen. alle erfahrungen mit solchen komplizierten situationen zeigen: wer sich zuvor aller seiner optionen entäußert, hat wenige optionen, zu einem gemeinsamen, vertrauenswürdigen ergebnis zu kommen. deswegen müssen in der tat alle optionen in der politischen diskussion sowohl in deutschland als auch in europa auf dem tisch bleiben, mit dem ziel, eine ausgewogene abrüstung und reduzierung von atomwaffen in der welt stichwort nuclear balance zu erreichen. herr kollege, sie müssen zum schluss kommen. wir sollten die diskussion heute beginnen und nicht beenden. herzlichen dank. vielen dank, herr kollege schmidt. als nächster redner hat das wort der kollege josip juratovic, spd-fraktion."
84,01.02.2019,ID197808400,Josip,Juratovic,SPD,Josip Juratovic,"sehr geehrter herr präsident! liebe kolleginnen und kollegen! jetzt ist es so weit: die -tage-frist, die russland von den vereinigten staaten gegeben worden war, um den inf-vertrag doch noch vor dem scheitern zu bewahren, ist abgelaufen. russland hat versäumt, eine glaubwürdige transparenzoffensive zu starten. die amerikaner haben den abrüstungsvertrag gekündigt. in sechs monaten, im august , ist er dann geschichte. was für ein unfassbarer rückschritt! wir reden hier über die wichtigste vereinbarung zur atomaren abrüstung für europa, die nun vor dem aus steht. mit dem inf-vertrag zwischen russland und den usa wurde damals eine ganze gattung nuklearer waffen abgeschafft. seine unterzeichnung war eine sternstunde der abrüstungsdiplomatie, vor deren scherben wir jetzt möglicherweise stehen. warum? ohne gleichmacherei betreiben zu wollen, drängt sich der verdacht auf, dass beide länder die fesseln des inf-abkommens sprengen wollen, um ungehindert aufrüsten zu können. sie sind schon kräftig dabei. die usa haben gerade erst ein neues weltraumabwehrsystem vorgestellt, und putin prahlt mit seiner neuen interkontinentalrakete mit -facher schallgeschwindigkeit, töne, von denen wir gehofft hatten, sie nie mehr vernehmen zu müssen. doch noch ist nicht alles verloren. noch sind sechs monate zeit, bevor der amerikanische austritt aus dem inf-abkommen wirksam wird. das gibt uns deutschen und europäern die möglichkeit, diplomatie in unserem sinne, in richtung frieden und abrüstung zu betreiben. ich danke an dieser stelle unserem außenminister heiko maas ausdrücklich für seine pendeldiplomatie zwischen den usa und russland, den versuch, die beiden wieder aneinander anzunähern. ich bedanke mich auch dafür, dass er dabei eine klare sprache gesprochen hat und nicht müde wurde, die wichtigkeit des abrüstungsabkommens hervorzuheben. wir müssen besonnen die richtige antwort finden und ein neues gefährliches säbelrasseln verhindern. die devise lautet: gemeinsam statt gegeneinander! unser ziel muss sein, in den kommenden sechs monaten als nato-partner über den inf-vertrag weiter mitzuverhandeln und ihn zu einem multilateralen abkommen zu erweitern. diesem vertrag müssen auch all die länder beitreten, die gerade damit beschäftigt sind, ihre mittelstreckenarsenale auszubauen, sprich: china, indien, pakistan, nordkorea und iran. so wird aus dem abkommen ein zeitgemäßer beitrag zu mehr sicherheit weltweit. um ronald reagans ehemaligen außenminister shultz zu zitieren: wir sollten den vertrag in ordnung bringen, anstatt ihm den garaus zu machen. dieses ziel müssen wir hand in hand mit den europäischen partnern und als starker partner der nato verfolgen. wir deutsche und europäer dürfen nicht in eine nachrüstungsdebatte gestürzt werden. deshalb müssen wir handeln. dafür müssen wir nationale egoismen hintanstellen. wir müssen uns auch ehrlich machen, was wir brauchen. wir brauchen eine gemeinsame europäische außenpolitik, eine gemeinsame europäische verteidigung als festen bestandteil der nato, und wir brauchen eine gemeinsame wirtschaftspolitik mit sozialer sicherheit und ökologischer verantwortung. nur so umfassend vereint, erreichen wir die position, die geschlossenheit und die stärke, die wir in einer welt brauchen, die zunehmend von national-autokratischen einzelstaaten dominiert und verunsichert wird. nur als vereinigte staaten von europa können wir auf augenhöhe mit russland, china und den usa verhandeln und künftig globale herausforderungen meistern. dabei ist die herausforderung des friedens die größte. danke für ihre aufmerksamkeit. vielen dank, herr kollege. als letztem redner in dieser aktuellen stunde erteile ich dem kollegen frank steffel, cdu/csu-fraktion, das wort."
85,01.02.2019,ID197808500,Frank,Steffel,CDU/CSU,Frank Steffel,"herr präsident! liebe kolleginnen und kollegen! ich hätte mir , als ich die historischen bilder von der vertragsunterzeichnung gesehen habe und am brandenburger tor stand und als der damalige amerikanische präsident reagan uns die hoffnung gab, dass mister gorbatschow irgendwann das tor öffnet, und , als wir die wahrscheinlich glücklichsten stunden der deutschen und der europäischen geschichte nur wenige meter von hier entfernt erleben konnten, und , als am brandenburger tor helmut kohl und boris jelzin zusammen mit vielen tausend menschen die russische rote armee aus berlin freundschaftlich verabschiedeten, nicht vorstellen können, dass wir im jahr die debatte führen, die wir heute im wesentlichen sehr verantwortungsvoll, nachdenklich und überlegt miteinander führen müssen. ich habe mich mittlerweile daran gewöhnt, dass zwischen linken und afd in dieser debatte inhaltlich kaum ein blatt passt. bei ihrer historischen parteigeschichte, meine damen und herren von der linken, verwundert das nicht. ich glaube, es ist für sie gar kein problem, gegen die nato zu sein, tiefempfundenen antiamerikanismus im herzen zu haben und an den lippen moskaus zu hängen, fast egal, wer dort verantwortung trägt. sie müssen das gar nicht kritisieren. sie versuchen doch auf diese weise, wählerinnen und wähler zu gewinnen. sie können sich dazu ruhig offen bekennen. bei der afd verwundert das mich noch immer ein stück weit, allerdings bei ihnen, herr schlund, weniger. man spürte während ihrer rede, dass sie bis im regiment ernst thälmann der nva zu hause waren. das war auch der geist, mit dem sie versucht haben, die aktuelle situation zu beurteilen. der russische präsident putin hat vor wenigen wochen zwischen weihnachten und neujahr den jungfernflug einer neuartigen hyperschallrakete ganz selbstbewusst verkündet. diese rakete könne so hat putin gesagt mit -facher schallgeschwindigkeit fliegen und durch russische experten gesteuert werden. das bedeutet für diejenigen, die das genauso wie ich nicht so schnell umrechnen können kilometer pro stunde. berlin liegt kilometer von russland, von moskau entfernt. das heißt: diese rakete braucht etwa drei minuten, um berlin zu erreichen. dass das viele menschen ängstlich macht, dass das dazu zwingt, sich mit militärischen fragen zu beschäftigen, das versteht jeder, der sich die auswirkung einer solchen rakete in etwa vorstellen kann sie wird ja ungleich größer sein als die auswirkungen in hiroshima und nagasaki. davor sollte uns dieses inf-abkommen schützen. die wesentliche aufgabe dieses abkommens ist, dass wir zumindest mit blick auf die vereinigten staaten von amerika und russland sagen: ein großer teil der europäischen sicherheitsarchitektur ist durch dieses abkommen gesichert. russland verstößt seit vielen jahren gegen das abkommen. das ernsthaft zu bestreiten, tut zumindest niemand, den ich in der debatte ernst nehme. übrigens: die russen selbst dementieren das auch gar nicht, wie der außenminister uns immer wieder sehr glaubwürdig in gesprächen übermittelt. jetzt haben wir also sechs monate zeit. wir haben das gefühl wahrscheinlich irren wir uns auch nicht , dass russland und die usa sehr gut damit leben können, dass es kein neues abkommen gibt. das hat unter anderem mit china zu tun einige kolleginnen und kollegen haben darauf hingewiesen , das hat auch mit anderen supermächten zu tun, und das hat vielleicht auch damit zu tun, dass die bedeutung und die rolle europas nicht mehr die ist, die wir zu zeiten des kalten krieges in den -jahren hatten. dann haben wir die besondere situation das ist mir abschließend besonders wichtig , dass es in europa viele länder gibt, die ein stärker werdendes angstgefühl im zusammenhang mit der aufrüstung russlands empfinden, und dass wir sehr sicher sein können, dass unsere osteuropäischen nachbarn, wenn es kein abkommen mehr gibt, sehr zügig bereit sein werden, amerikanische mittelstreckenwaffen in den ländern osteuropas zu stationieren. dass diese auswirkungen nicht nur osteuropa treffen, sondern natürlich auch uns im herzen europas und unsere westeuropäischen nachbarländer, ist völlig klar. wir müssen wohl auch zur kenntnis nehmen, dass sigmar gabriel, unser ehemaliger außenminister, in einem sehr bemerkenswerten artikel mit einem satz recht hat. er hat geschrieben: unsere osteuropäischen nachbarn glauben eben nicht, dass deutsche und franzosen für ihre freiheit zu sterben bereit wären . wenn wir dieser logik folgen, dann sind die kündigung und das ergebnis nach sechs monaten umso bedeutender. ich glaube, dass berlin, paris und london jetzt eine besondere verantwortung haben, alles dafür zu tun, dass es uns vielleicht doch noch gelingt, die nächsten sechs monate zu nutzen, um eine stabile sicherheitsarchitektur in europa hinzubekommen. herr kollege, sie müssten zum schluss kommen. dass das eine außergewöhnlich große herausforderung ist, spüren wir, glaube ich, heute alle. in diesem sinne wünsche ich uns allen einen schönen feierabend, ein schönes wochenende und eine gute heimreise. vielen dank, herr kollege steffel. die aktuelle stunde ist damit beendet. wir sind am schluss unserer heutigen tagesordnung. bevor ich sie jetzt als die übriggebliebene ins wochenende entlasse, wünsche ich ihnen ein schönes wochenende, ein entspanntes wochenende. tanken sie viel kraft. ich berufe die nächste sitzung des deutschen bundestages auf mittwoch, den . februar , uhr, ein. die sitzung ist geschlossen. (schluss: . uhr)"
